"V1"	"V2"	"V3"	"V4"	"V5"	"V6"
-0.382924922548026	-0.36156884618864	-0.413119748947867	-0.310017943429414	0.0213560763593861	1
-0.382924922548026	-0.38755655635006	-0.44397107929543	-0.33114203340469	-0.00463163380203391	1
-0.382924922548026	-0.41832564825277	-0.473273224141621	-0.363378072363918	-0.035400725704744	1
-0.382924922548026	-0.392956938247389	-0.445218712487129	-0.340695164007649	-0.0100320156993629	1
-0.382924922548026	-0.430121354630935	-0.487192003322224	-0.373050705939646	-0.0471964320829089	1
-0.382924922548026	-0.473600697265572	-0.527605013686116	-0.419596380845029	-0.090675774717546	1
-0.382924922548026	-0.41715944670064	-0.475603761792729	-0.358715131608551	-0.0342345241526139	1
-0.382924922548026	-0.381162283245606	-0.436677468694521	-0.325647097796691	0.00176263930242004	1
-0.382924922548026	-0.383597520963603	-0.43862835294407	-0.328566688983136	-0.00067259841557693	1
-0.382924922548026	-0.418554443261552	-0.473073459186434	-0.36403542733667	-0.0356295207135259	1
-0.382924922548026	-0.451092559878401	-0.528443209988786	-0.373741909768016	-0.068167637330375	1
-0.382924922548026	-0.369179320412872	-0.422546382676432	-0.315812258149312	0.0137456021351541	1
-0.382924922548026	-0.454253635391452	-0.510028289645019	-0.398478981137884	-0.071328712843426	1
-0.382924922548026	-0.415543218950125	-0.470704671088435	-0.360381766811815	-0.032618296402099	1
-0.382924922548026	-0.41563653077722	-0.489086319253695	-0.342186742300745	-0.0327116082291939	1
-0.382924922548026	-0.460194602942898	-0.522700529695067	-0.39768867619073	-0.0772696803948719	1
-0.382924922548026	-0.41534449427884	-0.47562449105451	-0.35506449750317	-0.0324195717308139	1
-0.382924922548026	-0.425046154334853	-0.498019767303256	-0.352072541366451	-0.0421212317868269	1
-0.382924922548026	-0.37675859801467	-0.432784817836967	-0.320732378192374	0.00616632453335608	1
-0.382924922548026	-0.395523030691113	-0.454487990528665	-0.33655807085356	-0.0125981081430869	1
-0.382924922548026	-0.434369184400041	-0.489924304539816	-0.378814064260266	-0.0514442618520149	1
-0.382924922548026	-0.438320396198789	-0.494036204691753	-0.382604587705824	-0.0553954736507629	1
-0.382924922548026	-0.428101816135464	-0.486386436191843	-0.369817196079085	-0.0451768935874379	1
-0.382924922548026	-0.394847106028973	-0.450010467294363	-0.339683744763584	-0.0119221834809469	1
-0.382924922548026	-0.461985003624597	-0.519355596022859	-0.404614411226335	-0.0790600810765709	1
-0.382924922548026	-0.428233948018155	-0.485844010008859	-0.37062388602745	-0.0453090254701289	1
-0.382924922548026	-0.411994489457698	-0.477173606829552	-0.346815372085844	-0.0290695669096719	1
-0.382924922548026	-0.380412319141292	-0.434793420274467	-0.326031218008118	0.00251260340673409	1
-0.382924922548026	-0.450397215769606	-0.508546330184436	-0.392248101354775	-0.0674722932215799	1
-0.382924922548026	-0.42246506670869	-0.4791581493185	-0.365771984098879	-0.0395401441606639	1
-0.382924922548026	-0.410206340608652	-0.461607964226657	-0.358804716990648	-0.027281418060626	1
-0.382924922548026	-0.412049679638819	-0.465772100911317	-0.358327258366322	-0.0291247570907929	1
-0.382924922548026	-0.36956306400987	-0.425413658286842	-0.313712469732897	0.0133618585381561	1
-0.382924922548026	-0.401704161778951	-0.472684434076275	-0.330723889481627	-0.0187792392309249	1
-0.382924922548026	-0.375286366225137	-0.440374851661315	-0.310197880788958	0.00763855632288907	1
-0.382924922548026	-0.352564734469858	-0.407785302306374	-0.297344166633342	0.0303601880781681	1
-0.382924922548026	-0.403663480791148	-0.458755236159114	-0.348571725423182	-0.0207385582431219	1
-0.382924922548026	-0.380132517467872	-0.434600322448334	-0.325664712487409	0.00279240508015405	1
-0.382924922548026	-0.476105216372356	-0.533963798416979	-0.418246634327734	-0.0931802938243299	1
-0.382924922548026	-0.409024719748569	-0.461011594278943	-0.357037845218195	-0.026099797200543	1
-0.382924922548026	-0.406671432699513	-0.461312568014995	-0.352030297384032	-0.0237465101514869	1
-0.382924922548026	-0.403257322065691	-0.466707026488855	-0.339807617642528	-0.0203323995176649	1
-0.382924922548026	-0.422656279064671	-0.477859891831815	-0.367452666297527	-0.0397313565166449	1
-0.382924922548026	-0.3886556112515	-0.458537574283577	-0.318773648219423	-0.00573068870347393	1
-0.382924922548026	-0.440547611378835	-0.507292315284115	-0.373802907473554	-0.057622688830809	1
-0.382924922548026	-0.465568206526895	-0.523269504221696	-0.407866908832094	-0.0826432839788689	1
-0.382924922548026	-0.386657033851432	-0.440231231388861	-0.333082836314003	-0.00373211130340595	1
-0.382924922548026	-0.430328120984107	-0.499814569685196	-0.360841672283018	-0.0474031984360809	1
-0.382924922548026	-0.398609338333421	-0.462509482534531	-0.334709194132311	-0.0156844157853949	1
-0.382924922548026	-0.419673824567919	-0.476317279014672	-0.363030370121166	-0.0367489020198929	1
-0.382924922548026	-0.430962551321948	-0.495214743810783	-0.366710358833112	-0.0480376287739219	1
-0.382924922548026	-0.390256396110625	-0.444305330177584	-0.336207462043666	-0.00733147356259894	1
-0.382924922548026	-0.423460317550617	-0.479841701018652	-0.367078934082583	-0.040535395002591	1
-0.382924922548026	-0.435421719485679	-0.489184655321775	-0.381658783649583	-0.0524967969376529	1
-0.382924922548026	-0.401454160338897	-0.457199688910942	-0.345708631766852	-0.018529237790871	1
-0.382924922548026	-0.397836465017154	-0.450672746221576	-0.345000183812733	-0.0149115424691279	1
-0.382924922548026	-0.376445936303016	-0.429165607719803	-0.32372626488623	0.00647898624501009	1
-0.382924922548026	-0.396459484896457	-0.451926484230979	-0.340992485561935	-0.0135345623484309	1
-0.382924922548026	-0.448577317761266	-0.507516910789998	-0.389637724732533	-0.06565239521324	1
-0.382924922548026	-0.354492751341614	-0.413906144817178	-0.295079357866051	0.0284321712064121	1
-0.382924922548026	-0.376754701740209	-0.437234180760892	-0.316275222719526	0.0061702208078171	1
-0.382924922548026	-0.485849594864832	-0.551171431139816	-0.420527758589848	-0.102924672316806	1
-0.382924922548026	-0.451534024564236	-0.505565955210705	-0.397502093917766	-0.06860910201621	1
-0.382924922548026	-0.401478855431024	-0.454443586636314	-0.348514124225735	-0.0185539328829979	1
-0.382924922548026	-0.401347952191404	-0.458754216928195	-0.343941687454612	-0.0184230296433779	1
-0.382924922548026	-0.414565064853679	-0.472553280880626	-0.356576848826733	-0.0316401423056529	1
-0.382924922548026	-0.389111300447076	-0.443374025555057	-0.334848575339095	-0.00618637789904991	1
-0.382924922548026	-0.402427489052783	-0.459348476220589	-0.345506501884977	-0.019502566504757	1
-0.382924922548026	-0.425460822730888	-0.480485907283796	-0.37043573817798	-0.0425359001828619	1
-0.382924922548026	-0.408632521584375	-0.464288893784402	-0.352976149384348	-0.0257075990363489	1
-0.382924922548026	-0.429310322815391	-0.491328470912731	-0.367292174718052	-0.0463854002673649	1
-0.382924922548026	-0.391820689141511	-0.45118506940206	-0.332456308880962	-0.00889576659348496	1
-0.382924922548026	-0.362136196857546	-0.423569156213623	-0.300703237501468	0.0207887256904801	1
-0.382924922548026	-0.38295465731534	-0.437642674751517	-0.328266639879163	-2.97347673139381e-05	1
-0.382924922548026	-0.401699259517704	-0.458115488921594	-0.345283030113814	-0.018774336969678	1
-0.382924922548026	-0.383054209510123	-0.436034233660968	-0.330074185359278	-0.000129286962096908	1
-0.382924922548026	-0.45835534743385	-0.516315018048389	-0.400395676819312	-0.0754304248858239	1
-0.382924922548026	-0.349386416138181	-0.414381565357129	-0.284391266919233	0.0335385064098451	1
-0.382924922548026	-0.47294612757826	-0.527527615192652	-0.418364639963868	-0.0900212050302339	1
-0.382924922548026	-0.36298830902582	-0.416568149381774	-0.309408468669867	0.019936613522206	1
-0.382924922548026	-0.413829412455888	-0.468208653472684	-0.359450171439093	-0.0309044899078619	1
-0.382924922548026	-0.418223006076987	-0.480201254093912	-0.356244758060061	-0.0352980835289609	1
-0.382924922548026	-0.350478405405997	-0.406578665545148	-0.294378145266847	0.0324465171420291	1
-0.382924922548026	-0.367771227005675	-0.420464634689947	-0.315077819321404	0.0151536955423511	1
-0.382924922548026	-0.376814273306976	-0.431488425715482	-0.32214012089847	0.00611064924105009	1
-0.382924922548026	-0.443620549833456	-0.497103921691845	-0.390137177975067	-0.0606956272854299	1
-0.382924922548026	-0.403468591937329	-0.461167075163723	-0.345770108710934	-0.0205436693893029	1
-0.382924922548026	-0.454685882186262	-0.5112113429004	-0.398160421472124	-0.0717609596382359	1
-0.382924922548026	-0.409023334781119	-0.477129356354009	-0.340917313208228	-0.0260984122330929	1
-0.382924922548026	-0.383091078964554	-0.434707793034944	-0.331474364894165	-0.000166156416527952	1
-0.382924922548026	-0.401088894032587	-0.455967575859216	-0.346210212205959	-0.0181639714845609	1
-0.382924922548026	-0.411448421266851	-0.470272863378323	-0.352623979155379	-0.0285234987188249	1
-0.382924922548026	-0.362884000399862	-0.417391182683053	-0.30837681811667	0.0200409221481641	1
-0.382924922548026	-0.343865551867451	-0.395207221443113	-0.292523882291788	0.0390593706805751	1
-0.382924922548026	-0.381374794968745	-0.453810715649092	-0.308938874288398	0.00155012757928108	1
-0.382924922548026	-0.384711777186038	-0.439174713873806	-0.330248840498271	-0.00178685463801193	1
-0.382924922548026	-0.365986812019197	-0.418461755232257	-0.313511868806137	0.016938110528829	1
-0.382924922548026	-0.379431673199505	-0.433225060956263	-0.325638285442746	0.00349324934852108	1
-0.382924922548026	-0.404752992275663	-0.464063501762872	-0.345442482788454	-0.021828069727637	1
-0.382924922548026	-0.406303933834809	-0.459795676658696	-0.352812191010922	-0.0233790112867829	1
-0.382924922548026	-0.402758734105749	-0.466063053322219	-0.339454414889278	-0.0198338115577229	1
-0.382924922548026	-0.377653182108473	-0.430099530862304	-0.325206833354642	0.00527174043955309	1
-0.382924922548026	-0.361795223419026	-0.412658204603915	-0.310932242234138	0.0211296991290001	1
-0.382924922548026	-0.475581717268766	-0.53439373415281	-0.416769700384722	-0.09265679472074	1
-0.382924922548026	-0.375549155397133	-0.433438736977786	-0.31765957381648	0.00737576715089305	1
-0.382924922548026	-0.382240882477529	-0.450107983870913	-0.314373781084144	0.00068404007049705	1
-0.382924922548026	-0.397288635157514	-0.462952448025024	-0.331624822290004	-0.0143637126094879	1
-0.382924922548026	-0.375626240673974	-0.430176118955509	-0.321076362392439	0.00729868187405208	1
-0.382924922548026	-0.358657978813999	-0.413169163798267	-0.304146793829731	0.024266943734027	1
-0.382924922548026	-0.470072446564315	-0.525701657936738	-0.414443235191893	-0.0871475240162889	1
-0.382924922548026	-0.385894571050197	-0.442855456786345	-0.328933685314049	-0.00296964850217091	1
-0.382924922548026	-0.408453448111662	-0.460424905700146	-0.356481990523178	-0.0255285255636359	1
-0.382924922548026	-0.368381578151614	-0.423654882474771	-0.313108273828456	0.0145433443964121	1
-0.382924922548026	-0.418237505417508	-0.472018265179383	-0.364456745655634	-0.0353125828694819	1
-0.382924922548026	-0.423744457628305	-0.474231561638323	-0.373257353618288	-0.0408195350802789	1
-0.382924922548026	-0.393133650694524	-0.452019022218184	-0.334248279170864	-0.0102087281464979	1
-0.382924922548026	-0.377707062959983	-0.431130338883591	-0.324283787036376	0.00521785958804305	1
-0.382924922548026	-0.414430956266895	-0.478043353278668	-0.350818559255122	-0.031506033718869	1
-0.382924922548026	-0.369200452291132	-0.4306310890627	-0.307769815519564	0.0137244702568941	1
-0.382924922548026	-0.430736290613446	-0.486097158374059	-0.375375422852834	-0.0478113680654199	1
-0.382924922548026	-0.374578399885957	-0.429824210509729	-0.319332589262185	0.00834652266206909	1
-0.382924922548026	-0.416819641125129	-0.477815705000155	-0.355823577250104	-0.0338947185771029	1
-0.382924922548026	-0.380356313999452	-0.433821472656778	-0.326891155342127	0.00256860854857405	1
-0.382924922548026	-0.431855190440539	-0.486942141408976	-0.376768239472102	-0.0489302678925129	1
-0.382924922548026	-0.381553876094861	-0.446688400026398	-0.316419352163324	0.00137104645316505	1
-0.382924922548026	-0.396520773920546	-0.453737706592209	-0.339303841248883	-0.01359585137252	1
-0.382924922548026	-0.354182129735636	-0.420511468032233	-0.287852791439039	0.0287427928123901	1
-0.382924922548026	-0.38774026979736	-0.450434930627537	-0.325045608967184	-0.00481534724933391	1
-0.382924922548026	-0.404725755102722	-0.457939100538025	-0.351512409667418	-0.0218008325546959	1
-0.382924922548026	-0.423643544396073	-0.484916746726809	-0.362370342065337	-0.0407186218480469	1
-0.382924922548026	-0.407043590601004	-0.467534608975105	-0.346552572226903	-0.0241186680529779	1
-0.382924922548026	-0.404557226233965	-0.468685404801756	-0.340429047666175	-0.0216323036859389	1
-0.382924922548026	-0.431568294279402	-0.488493168295524	-0.37464342026328	-0.048643371731376	1
-0.382924922548026	-0.396630639775575	-0.448076714417051	-0.345184565134099	-0.0137057172275489	1
-0.382924922548026	-0.376831587171071	-0.436907450132501	-0.316755724209641	0.00609333537695506	1
-0.382924922548026	-0.457463863362759	-0.514902430142673	-0.400025296582845	-0.0745389408147329	1
-0.382924922548026	-0.417336914354654	-0.472618801966321	-0.362055026742986	-0.0344119918066279	1
-0.382924922548026	-0.397587539965553	-0.450934663318863	-0.344240416612243	-0.0146626174175269	1
-0.382924922548026	-0.397549993953852	-0.450104504220907	-0.344995483686797	-0.0146250714058259	1
-0.382924922548026	-0.391147523215224	-0.446920293582361	-0.335374752848087	-0.00822260066719793	1
-0.382924922548026	-0.424669642592506	-0.479730110310027	-0.369609174874985	-0.0417447200444799	1
-0.382924922548026	-0.372434444104908	-0.432986446266133	-0.311882441943683	0.0104904784431181	1
-0.382924922548026	-0.424571728234044	-0.49048515962265	-0.358658296845437	-0.0416468056860179	1
-0.382924922548026	-0.359942037281431	-0.411756895129299	-0.308127179433564	0.0229828852665951	1
-0.382924922548026	-0.329736252924165	-0.40080043166424	-0.258672074184089	0.0531886696238611	1
-0.382924922548026	-0.42252521258193	-0.47913660888703	-0.365913816276829	-0.0396002900339039	1
-0.382924922548026	-0.419074185007821	-0.470722946257108	-0.367425423758533	-0.0361492624597949	1
-0.382924922548026	-0.397527167744603	-0.465882213287556	-0.32917212220165	-0.0146022451965769	1
-0.382924922548026	-0.362160630390903	-0.413638231869623	-0.310683028912184	0.0207642921571231	1
-0.382924922548026	-0.396005960240798	-0.448738096214686	-0.343273824266909	-0.0130810376927719	1
-0.382924922548026	-0.402851867795836	-0.457016450207897	-0.348687285383775	-0.0199269452478099	1
-0.382924922548026	-0.422997865231813	-0.47683053432771	-0.369165196135915	-0.0400729426837869	1
-0.382924922548026	-0.388609995528964	-0.46131063661004	-0.315909354447888	-0.00568507298093796	1
-0.382924922548026	-0.403659881138293	-0.455370679516657	-0.351949082759928	-0.0207349585902669	1
-0.382924922548026	-0.446084292727138	-0.506794358798827	-0.38537422665545	-0.0631593701791119	1
-0.382924922548026	-0.408163732311405	-0.46259933322319	-0.353728131399621	-0.0252388097633789	1
-0.382924922548026	-0.395672072014352	-0.460461199204201	-0.330882944824502	-0.0127471494663259	1
-0.382924922548026	-0.426678622079017	-0.480887084955548	-0.372470159202487	-0.043753699530991	1
-0.382924922548026	-0.473561390685154	-0.546966762041123	-0.400156019329186	-0.0906364681371279	1
-0.382924922548026	-0.400636203183334	-0.463608071894044	-0.337664334472625	-0.0177112806353079	1
-0.382924922548026	-0.402876249233561	-0.46277594369912	-0.342976554768003	-0.019951326685535	1
-0.382924922548026	-0.374988649407639	-0.428812508551143	-0.321164790264135	0.00793627314038708	1
-0.382924922548026	-0.407003286930784	-0.46016230396371	-0.353844269897858	-0.024078364382758	1
-0.382924922548026	-0.374104275845474	-0.427806290566294	-0.320402261124653	0.00882064670255206	1
-0.382924922548026	-0.395266076971108	-0.448907188019655	-0.34162496592256	-0.0123411544230819	1
-0.382924922548026	-0.37769375436236	-0.440651834466574	-0.314735674258146	0.00523116818566605	1
-0.382924922548026	-0.382117468296576	-0.446809786855093	-0.317425149738058	0.000807454251450068	1
-0.382924922548026	-0.380877372579921	-0.437468522716477	-0.324286222443366	0.00204754996810508	1
-0.382924922548026	-0.387326340290619	-0.4430830972994	-0.331569583281838	-0.00440141774259295	1
-0.382924922548026	-0.350097548375336	-0.405506416769625	-0.294688679981047	0.03282737417269	1
-0.382924922548026	-0.394633501926639	-0.458374597196342	-0.330892406656936	-0.0117085793786129	1
-0.382924922548026	-0.388062537160968	-0.440848094831798	-0.335276979490139	-0.00513761461294193	1
-0.382924922548026	-0.378218356116129	-0.434666322707869	-0.321770389524388	0.0047065664318971	1
-0.382924922548026	-0.379947590720558	-0.434378737458402	-0.325516443982714	0.00297733182746807	1
-0.382924922548026	-0.407553617868484	-0.461729204546498	-0.353378031190471	-0.0246286953204579	1
-0.382924922548026	-0.452076147435215	-0.522462859576927	-0.381689435293503	-0.0691512248871889	1
-0.382924922548026	-0.430042931460186	-0.489048438205075	-0.371037424715297	-0.0471180089121599	1
-0.382924922548026	-0.444498298071005	-0.499829393622188	-0.389167202519822	-0.0615733755229789	1
-0.382924922548026	-0.393288602564356	-0.446300853301494	-0.340276351827219	-0.0103636800163299	1
-0.382924922548026	-0.466454152109564	-0.522984827639888	-0.409923476579239	-0.0835292295615379	1
-0.382924922548026	-0.425881547153265	-0.486611769594993	-0.365151324711537	-0.0429566246052389	1
-0.382924922548026	-0.397971107812806	-0.454399949786465	-0.341542265839148	-0.0150461852647799	1
-0.382924922548026	-0.376336297136121	-0.435682074252022	-0.316990520020219	0.00658862541190508	1
-0.382924922548026	-0.399527547332847	-0.458059878315531	-0.340995216350162	-0.0166026247848209	1
-0.382924922548026	-0.422013574247681	-0.477042315829972	-0.36698483266539	-0.0390886516996549	1
-0.382924922548026	-0.400410677378433	-0.477087654005124	-0.323733700751742	-0.0174857548304069	1
-0.382924922548026	-0.432830827995873	-0.490512162597256	-0.375149493394489	-0.049905905447847	1
-0.382924922548026	-0.445744605552066	-0.509720210226648	-0.381769000877484	-0.06281968300404	1
-0.382924922548026	-0.436125707882477	-0.508110951934694	-0.364140463830261	-0.0532007853344509	1
-0.382924922548026	-0.354098886228272	-0.410808205962242	-0.297389566494302	0.0288260363197541	1
-0.382924922548026	-0.366522146133518	-0.436242464470375	-0.296801827796661	0.016402776414508	1
-0.382924922548026	-0.399389356286079	-0.452097736846867	-0.346680975725291	-0.016464433738053	1
-0.382924922548026	-0.380152836963859	-0.433339360558296	-0.326966313369423	0.00277208558416708	1
-0.382924922548026	-0.427071363746837	-0.48343264908144	-0.370710078412234	-0.0441464411988109	1
-0.382924922548026	-0.414838346559255	-0.481414888452707	-0.348261804665804	-0.0319134240112289	1
-0.382924922548026	-0.347011666531291	-0.399874652283141	-0.29414868077944	0.0359132560167351	1
-0.382924922548026	-0.41235469351348	-0.46676520233266	-0.357944184694301	-0.0294297709654539	1
-0.382924922548026	-0.355620801336897	-0.407585295122318	-0.303656307551476	0.0273041212111291	1
-0.382924922548026	-0.426038756403658	-0.500525533027264	-0.351551979780053	-0.0431138338556319	1
-0.382924922548026	-0.447545319684441	-0.50305729588932	-0.392033343479561	-0.0646203971364149	1
-0.382924922548026	-0.403085784479562	-0.456538478455796	-0.349633090503328	-0.0201608619315359	1
-0.382924922548026	-0.366071154460902	-0.418905959055302	-0.313236349866501	0.0168537680871241	1
-0.382924922548026	-0.375694752354108	-0.437611721964144	-0.313777782744072	0.00723017019391808	1
-0.382924922548026	-0.419126386672916	-0.47890395573614	-0.359348817609691	-0.0362014641248899	1
-0.382924922548026	-0.369977632909326	-0.423113715184185	-0.316841550634467	0.0129472896387001	1
-0.382924922548026	-0.414334442056401	-0.475007859092511	-0.353661025020291	-0.031409519508375	1
-0.382924922548026	-0.362321305645513	-0.414576854023496	-0.310065757267531	0.0206036169025131	1
-0.382924922548026	-0.381910973719506	-0.437971974519645	-0.325849972919367	0.00101394882852007	1
-0.382924922548026	-0.444495627842985	-0.519515296435608	-0.369475959250363	-0.0615707052949589	1
-0.382924922548026	-0.423795898190337	-0.479456122910772	-0.368135673469903	-0.0408709756423109	1
-0.382924922548026	-0.440261072347614	-0.497528396817274	-0.382993747877954	-0.057336149799588	1
-0.382924922548026	-0.390514619028535	-0.44507528726293	-0.33595395079414	-0.00758969648050895	1
-0.382924922548026	-0.424628596646459	-0.478112537055293	-0.371144656237624	-0.041703674098433	1
-0.382924922548026	-0.410987051095374	-0.465702552159762	-0.356271550030987	-0.0280621285473479	1
-0.382924922548026	-0.43445917392717	-0.499788615378384	-0.369129732475956	-0.0515342513791439	1
-0.382924922548026	-0.434104994557027	-0.496737724018551	-0.371472265095502	-0.0511800720090009	1
-0.382924922548026	-0.355284744697464	-0.409133642183354	-0.301435847211574	0.0276401778505621	1
-0.382924922548026	-0.429807260917363	-0.483063213165911	-0.376551308668816	-0.0468823383693369	1
-0.382924922548026	-0.407421538624447	-0.484981152323138	-0.329861924925756	-0.024496616076421	1
-0.382924922548026	-0.369123995135899	-0.42209298442639	-0.316155005845408	0.0138009274121271	1
-0.382924922548026	-0.370334640915008	-0.422535670340702	-0.318133611489314	0.0125902816330181	1
-0.382924922548026	-0.369080463701997	-0.421930948396402	-0.316229979007592	0.0138444588460291	1
-0.382924922548026	-0.410521051307895	-0.463380728492303	-0.357661374123487	-0.0275961287598689	1
-0.382924922548026	-0.362102188742647	-0.417502441819251	-0.306701935666043	0.0208227338053791	1
-0.382924922548026	-0.355010901835523	-0.425037910483813	-0.284983893187233	0.0279140207125031	1
-0.382924922548026	-0.39462418251338	-0.44908675745177	-0.340161607574991	-0.0116992599653539	1
-0.382924922548026	-0.438456167067823	-0.493189345845321	-0.383722988290324	-0.0555312445197969	1
-0.382924922548026	-0.347412469924343	-0.41593603240054	-0.278888907448146	0.0355124526236831	1
-0.382924922548026	-0.471583752916266	-0.530902473330797	-0.412265032501735	-0.0886588303682399	1
-0.382924922548026	-0.43489637406788	-0.497477486670238	-0.372315261465523	-0.0519714515198539	1
-0.382924922548026	-0.378716736560822	-0.434000530616409	-0.323432942505235	0.00420818598720407	1
-0.382924922548026	-0.400304594700673	-0.468957403460035	-0.331651785941311	-0.0173796721526469	1
-0.382924922548026	-0.411737816003881	-0.466373716682714	-0.357101915325049	-0.0288128934558549	1
-0.382924922548026	-0.406640965305239	-0.462034336223379	-0.351247594387099	-0.023716042757213	1
-0.382924922548026	-0.394602470546632	-0.453700778736695	-0.335504162356569	-0.0116775479986059	1
-0.382924922548026	-0.37837131669661	-0.434310190957404	-0.322432442435815	0.00455360585141606	1
-0.382924922548026	-0.349085177217523	-0.414875231443846	-0.2832951229912	0.033839745330503	1
-0.382924922548026	-0.423149601665206	-0.477230998313962	-0.369068205016449	-0.0402246791171799	1
-0.382924922548026	-0.38690975292576	-0.44499924739741	-0.328820258454109	-0.00398483037773395	1
-0.382924922548026	-0.352762364257699	-0.40455237890325	-0.300972349612148	0.030162558290327	1
-0.382924922548026	-0.402718193436246	-0.46885626823789	-0.336580118634603	-0.0197932708882199	1
-0.382924922548026	-0.407898838181902	-0.474417198970438	-0.341380477393366	-0.0249739156338759	1
-0.382924922548026	-0.325759522029265	-0.381374412385562	-0.270144631672969	0.0571654005187611	1
-0.382924922548026	-0.376687457881292	-0.428050232328443	-0.325324683434141	0.00623746466673408	1
-0.382924922548026	-0.418209426104323	-0.474831051885038	-0.361587800323609	-0.0352845035562969	1
-0.382924922548026	-0.451345138870571	-0.530998639218169	-0.371691638522974	-0.0684202163225449	1
-0.382924922548026	-0.435933902966738	-0.502210528801686	-0.36965727713179	-0.0530089804187119	1
-0.382924922548026	-0.39192876290919	-0.446613474858497	-0.337244050959882	-0.00900384036116392	1
-0.382924922548026	-0.434517172171475	-0.487423304778683	-0.381611039564266	-0.0515922496234489	1
-0.382924922548026	-0.371463289085886	-0.424455395380168	-0.318471182791604	0.0114616334621401	1
-0.382924922548026	-0.416315335474255	-0.467773109411039	-0.364857561537471	-0.0333904129262289	1
-0.382924922548026	-0.417510086443192	-0.471011541195091	-0.364008631691293	-0.0345851638951659	1
-0.382924922548026	-0.442016646976953	-0.500280986828413	-0.383752307125492	-0.0590917244289269	1
-0.382924922548026	-0.397132137790055	-0.452820247161769	-0.34144402841834	-0.0142072152420289	1
-0.382924922548026	-0.401066089884535	-0.467198853132166	-0.334933326636904	-0.0181411673365089	1
-0.382924922548026	-0.426320022408166	-0.483066639990457	-0.369573404825874	-0.04339509986014	1
-0.382924922548026	-0.375952264448693	-0.428189019275043	-0.323715509622342	0.00697265809933306	1
-0.382924922548026	-0.446828977236073	-0.502262667255076	-0.39139528721707	-0.0639040546880469	1
-0.382924922548026	-0.390779254984743	-0.443725844118233	-0.337832665851253	-0.0078543324367169	1
-0.382924922548026	-0.452446553961368	-0.506404512049606	-0.398488595873129	-0.0695216314133419	1
-0.382924922548026	-0.442799887458184	-0.505815469843826	-0.379784305072541	-0.0598749649101579	1
-0.382924922548026	-0.368497979238484	-0.425573124787108	-0.31142283368986	0.0144269433095421	1
-0.382924922548026	-0.372626434099279	-0.428882850687648	-0.316370017510909	0.0102984884487471	1
-0.382924922548026	-0.423834987393678	-0.476057472001526	-0.371612502785831	-0.0409100648456519	1
-0.382924922548026	-0.398018180154586	-0.450450177076702	-0.34558618323247	-0.0150932576065599	1
-0.382924922548026	-0.36298614408192	-0.421972534650451	-0.30399975351339	0.0199387784661061	1
-0.382924922548026	-0.386394188595078	-0.44749851981583	-0.325289857374327	-0.00346926604705194	1
-0.382924922548026	-0.407402162863352	-0.479221648880533	-0.33558267684617	-0.0244772403153259	1
-0.382924922548026	-0.423398449321809	-0.484350912794043	-0.362445985849575	-0.0404735267737829	1
-0.382924922548026	-0.458344624764226	-0.512664563995903	-0.404024685532549	-0.0754197022161999	1
-0.382924922548026	-0.390534402209208	-0.445250414761394	-0.335818389657022	-0.00760947966118192	1
-0.382924922548026	-0.411328430266382	-0.462942978828357	-0.359713881704407	-0.0284035077183559	1
-0.382924922548026	-0.368816356679724	-0.433010373292807	-0.304622340066641	0.0141085658683021	1
-0.382924922548026	-0.37925664138779	-0.437764566455092	-0.320748716320487	0.00366828116023604	1
-0.382924922548026	-0.403528278797439	-0.471856527616839	-0.335200029978039	-0.020603356249413	1
-0.382924922548026	-0.356599398841548	-0.409764248824536	-0.30343454885856	0.0263255237064781	1
-0.382924922548026	-0.41761232112116	-0.485480781549243	-0.349743860693077	-0.0346873985731339	1
-0.382924922548026	-0.405820362954041	-0.466938948189751	-0.344701777718331	-0.0228954404060149	1
-0.382924922548026	-0.383483186800442	-0.43617514516274	-0.330791228438145	-0.000558264252415952	1
-0.382924922548026	-0.378634994158355	-0.432603359741705	-0.324666628575005	0.00428992838967107	1
-0.382924922548026	-0.419177933726514	-0.479694743839646	-0.358661123613383	-0.0362530111784879	1
-0.382924922548026	-0.405195785259153	-0.459568850145943	-0.350822720372362	-0.0222708627111269	1
-0.382924922548026	-0.409522998520617	-0.465266269136359	-0.353779727904876	-0.026598075972591	1
-0.382924922548026	-0.42627414110796	-0.479754655657681	-0.372793626558239	-0.043349218559934	1
-0.382924922548026	-0.435601643531288	-0.488922887022175	-0.3822804000404	-0.0526767209832619	1
-0.382924922548026	-0.422201476522174	-0.48790298267667	-0.356499970367677	-0.0392765539741479	1
-0.382924922548026	-0.421392575662772	-0.478159207523727	-0.364625943801818	-0.0384676531147459	1
-0.382924922548026	-0.36200160072193	-0.414976376417001	-0.309026825026859	0.0209233218260961	1
-0.382924922548026	-0.362036225980779	-0.416092614120309	-0.307979837841248	0.0208886965672471	1
-0.382924922548026	-0.425388609020101	-0.481606352452244	-0.369170865587958	-0.0424636864720749	1
-0.382924922548026	-0.402530407403747	-0.457744179860245	-0.34731663494725	-0.0196054848557209	1
-0.382924922548026	-0.368162396777091	-0.419328289652407	-0.316996503901775	0.0147625257709351	1
-0.382924922548026	-0.403610310291646	-0.461125468930126	-0.346095151653167	-0.0206853877436199	1
-0.382924922548026	-0.404915954596497	-0.456138439188225	-0.35369347000477	-0.0219910320484709	1
-0.382924922548026	-0.38471884013482	-0.439003864142999	-0.330433816126642	-0.00179391758679392	1
-0.382924922548026	-0.412947596581253	-0.469524388788286	-0.35637080437422	-0.0300226740332269	1
-0.382924922548026	-0.478462896385401	-0.533613234509132	-0.423312558261669	-0.0955379738373749	1
-0.382924922548026	-0.414369071650803	-0.480666185487381	-0.348071957814224	-0.0314441491027769	1
-0.382924922548026	-0.37743155571795	-0.438708127155197	-0.316154984280702	0.00549336683007606	1
-0.382924922548026	-0.392328623073133	-0.444501211030778	-0.340156035115488	-0.00940370052510692	1
-0.382924922548026	-0.367269432534705	-0.425774427190757	-0.308764437878653	0.0156554900133211	1
-0.382924922548026	-0.444530800217017	-0.501721029274748	-0.387340571159286	-0.0616058776689909	1
-0.382924922548026	-0.442128969699928	-0.494903181463065	-0.389354757936791	-0.0592040471519019	1
-0.382924922548026	-0.424003350778358	-0.480436338652826	-0.367570362903891	-0.0410784282303319	1
-0.382924922548026	-0.403324675076144	-0.454622154813746	-0.352027195338542	-0.0203997525281179	1
-0.382924922548026	-0.438271614066688	-0.49002728971436	-0.386515938419017	-0.055346691518662	1
-0.382924922548026	-0.37446912906428	-0.439601728312132	-0.309336529816429	0.00845579348374609	1
-0.382924922548026	-0.391919164573358	-0.44642885293102	-0.337409476215697	-0.00899424202533194	1
-0.382924922548026	-0.377761801448547	-0.438343818441852	-0.317179784455243	0.00516312109947908	1
-0.382924922548026	-0.389509123662981	-0.441792963503561	-0.337225283822401	-0.00658420111495495	1
-0.382924922548026	-0.435377022149441	-0.494944351763251	-0.37580969253563	-0.0524520996014149	1
-0.382924922548026	-0.424763199023211	-0.47847435307942	-0.371052044967001	-0.041838276475185	1
-0.382924922548026	-0.386298210504392	-0.444604703694372	-0.327991717314411	-0.00337328795636593	1
-0.382924922548026	-0.386909533404668	-0.456916466390825	-0.316902600418511	-0.00398461085664192	1
-0.382924922548026	-0.414588195629659	-0.471570043347099	-0.35760634791222	-0.0316632730816329	1
-0.382924922548026	-0.387262978887301	-0.441427553189097	-0.333098404585505	-0.00433805633927492	1
-0.382924922548026	-0.447571523150522	-0.516506079441497	-0.378636966859547	-0.0646466006024959	1
-0.382924922548026	-0.373104664273442	-0.431998418151579	-0.314210910395305	0.00982025827458405	1
-0.382924922548026	-0.414244106622505	-0.469033399222611	-0.359454814022399	-0.0313191840744789	1
-0.382924922548026	-0.3825927043044	-0.43521485040655	-0.32997055820225	0.000332218243626059	1
-0.382924922548026	-0.438203074987252	-0.492025801831759	-0.384380348142745	-0.0552781524392259	1
-0.382924922548026	-0.398776066462821	-0.456307672040403	-0.34124446088524	-0.0158511439147949	1
-0.382924922548026	-0.393387146938126	-0.447728578047227	-0.339045715829025	-0.0104622243900999	1
-0.382924922548026	-0.398091067901432	-0.457163026100193	-0.339019109702671	-0.0151661453534059	1
-0.382924922548026	-0.424861374553363	-0.494926941396602	-0.354795807710125	-0.0419364520053369	1
-0.382924922548026	-0.390523397948824	-0.444369022857349	-0.3366777730403	-0.00759847540079794	1
-0.382924922548026	-0.413556169373216	-0.46509437594142	-0.362017962805011	-0.0306312468251899	1
-0.382924922548026	-0.41332668377826	-0.470373823909953	-0.356279543646567	-0.0304017612302339	1
-0.382924922548026	-0.370926192165008	-0.428327462998376	-0.313524921331639	0.0119987303830181	1
-0.382924922548026	-0.374043628813794	-0.441194708337886	-0.306892549289702	0.00888129373423208	1
-0.382924922548026	-0.38797004083282	-0.448725837551252	-0.327214244114387	-0.00504511828479393	1
-0.382924922548026	-0.375147360096265	-0.430292799159243	-0.320001921033288	0.00777756245176109	1
-0.382924922548026	-0.409295768551447	-0.47119284016674	-0.347398696936155	-0.0263708460034209	1
-0.382924922548026	-0.386200073260211	-0.439759350963488	-0.332640795556934	-0.00327515071218493	1
-0.382924922548026	-0.413645255847177	-0.469429560353435	-0.357860951340919	-0.0307203332991509	1
-0.382924922548026	-0.371989874379834	-0.435375685698768	-0.3086040630609	0.0109350481681921	1
-0.382924922548026	-0.399762731370478	-0.450094867741535	-0.34943059499942	-0.0168378088224519	1
-0.382924922548026	-0.352257848417069	-0.40456216320385	-0.299953533630288	0.0306670741309571	1
-0.382924922548026	-0.421417711732773	-0.476918886845445	-0.3659165366201	-0.0384927891847469	1
-0.382924922548026	-0.419849323181555	-0.478442639276238	-0.361256007086873	-0.0369244006335289	1
-0.382924922548026	-0.405614160439206	-0.458998905742541	-0.352229415135871	-0.0226892378911799	1
-0.382924922548026	-0.397206354301077	-0.459729634626038	-0.334683073976117	-0.0142814317530509	1
-0.382924922548026	-0.384820508963042	-0.440807429233217	-0.328833588692866	-0.00189558641501592	1
-0.382924922548026	-0.402615325318107	-0.455899436287447	-0.349331214348767	-0.0196904027700809	1
-0.382924922548026	-0.378186251076394	-0.432143258480262	-0.324229243672527	0.00473867147163209	1
-0.382924922548026	-0.362025974463097	-0.422742570828981	-0.301309378097213	0.0208989480849291	1
-0.382924922548026	-0.368815293600294	-0.423040185851913	-0.314590401348675	0.014109628947732	1
-0.382924922548026	-0.384555220175491	-0.440440650529187	-0.328669789821795	-0.00163029762746492	1
-0.382924922548026	-0.441469044641694	-0.502187417017594	-0.380750672265794	-0.0585441220936679	1
-0.382924922548026	-0.473581509812552	-0.537113565891234	-0.41004945373387	-0.0906565872645259	1
-0.382924922548026	-0.422791751778059	-0.477685709619205	-0.367897793936913	-0.0398668292300329	1
-0.382924922548026	-0.415640511013646	-0.468504549205017	-0.362776472822275	-0.0327155884656199	1
-0.382924922548026	-0.387078550056207	-0.43991081991837	-0.334246280194044	-0.00415362750818093	1
-0.382924922548026	-0.395147969496363	-0.448414881298457	-0.341881057694269	-0.0122230469483369	1
-0.382924922548026	-0.393923823872332	-0.447473030992027	-0.340374616752637	-0.0109989013243059	1
-0.382924922548026	-0.423173664345417	-0.481219255325498	-0.365128073365336	-0.0402487417973909	1
-0.382924922548026	-0.426147678630117	-0.484057847934056	-0.368237509326179	-0.0432227560820909	1
-0.382924922548026	-0.374519636322424	-0.429884746677087	-0.319154525967761	0.00840528622560205	1
-0.382924922548026	-0.390266574612735	-0.452376997135451	-0.328156152090019	-0.00734165206470894	1
-0.382924922548026	-0.416055384281182	-0.480380010738831	-0.351730757823532	-0.0331304617331559	1
-0.382924922548026	-0.409332007881249	-0.464744764337229	-0.353919251425269	-0.0264070853332229	1
-0.382924922548026	-0.412756092153403	-0.476273798323658	-0.349238385983148	-0.0298311696053769	1
-0.382924922548026	-0.405884714456046	-0.460221676979171	-0.35154775193292	-0.0229597919080199	1
-0.382924922548026	-0.410374950524761	-0.466194201771158	-0.354555699278363	-0.0274500279767349	1
-0.382924922548026	-0.397258041470787	-0.459501856342984	-0.33501422659859	-0.014333118922761	1
-0.382924922548026	-0.443358443107793	-0.49832624468271	-0.388390641532877	-0.0604335205597669	1
-0.382924922548026	-0.439136437186345	-0.503965883449452	-0.374306990923238	-0.0562115146383189	1
-0.382924922548026	-0.388933366930031	-0.452096625478219	-0.325770108381844	-0.00600844438200493	1
-0.382924922548026	-0.424494274999513	-0.483273178935404	-0.365715371063622	-0.0415693524514869	1
-0.382924922548026	-0.427767811381793	-0.492017874163035	-0.363517748600552	-0.0448428888337669	1
-0.382924922548026	-0.358097981534286	-0.41073121219322	-0.305464750875352	0.0248269410137401	1
-0.382924922548026	-0.411423207256084	-0.465294201527128	-0.35755221298504	-0.0284982847080579	1
-0.382924922548026	-0.407661546837303	-0.463193208741561	-0.352129884933045	-0.0247366242892769	1
-0.382924922548026	-0.368075170477239	-0.422025910808997	-0.314124430145481	0.0148497520707871	1
-0.382924922548026	-0.372609634456496	-0.431892275529484	-0.313326993383508	0.0103152880915301	1
-0.382924922548026	-0.368317771479982	-0.422284148759994	-0.314351394199971	0.0146071510680441	1
-0.382924922548026	-0.42511480986673	-0.48637744597339	-0.363852173760069	-0.0421898873187039	1
-0.382924922548026	-0.47875697139453	-0.53025756129517	-0.42725638149389	-0.0958320488465039	1
-0.382924922548026	-0.398539997411841	-0.454264111191276	-0.342815883632406	-0.0156150748638149	1
-0.382924922548026	-0.34733720504921	-0.403402841935225	-0.291271568163195	0.0355877174988161	1
-0.382924922548026	-0.427067478805877	-0.491066585762535	-0.363068371849219	-0.0441425562578509	1
-0.382924922548026	-0.38519649640784	-0.443143630543051	-0.32724936227263	-0.00227157385981391	1
-0.382924922548026	-0.410935684235939	-0.466072241315987	-0.355799127155891	-0.0280107616879129	1
-0.382924922548026	-0.375052164138015	-0.427522717236103	-0.322581611039927	0.00787275841001106	1
-0.382924922548026	-0.395220522789222	-0.450566419454542	-0.339874626123903	-0.0122956002411959	1
-0.382924922548026	-0.407161680958192	-0.470639394644911	-0.343683967271473	-0.0242367584101659	1
-0.382924922548026	-0.375959306042639	-0.437230784804732	-0.314687827280547	0.00696561650538707	1
-0.382924922548026	-0.389479330971147	-0.442742858275307	-0.336215803666987	-0.00655440842312094	1
-0.382924922548026	-0.406983043679239	-0.463530779528737	-0.35043530782974	-0.0240581211312129	1
-0.382924922548026	-0.378600318894416	-0.427912851286414	-0.329287786502418	0.00432460365361009	1
-0.382924922548026	-0.426348967032944	-0.477848354532197	-0.37484957953369	-0.0434240444849179	1
-0.382924922548026	-0.403731052793555	-0.474997878324956	-0.332464227262153	-0.0208061302455289	1
-0.382924922548026	-0.435281626022958	-0.486787084360933	-0.383776167684982	-0.0523567034749319	1
-0.382924922548026	-0.4277959439261	-0.486638521006472	-0.368953366845728	-0.0448710213780739	1
-0.382924922548026	-0.411975900311543	-0.474195971367555	-0.349755829255531	-0.0290509777635169	1
-0.382924922548026	-0.362328849267746	-0.413903003548917	-0.310754694986575	0.0205960732802801	1
-0.382924922548026	-0.422733380820941	-0.477723549458883	-0.367743212183	-0.0398084582729149	1
-0.382924922548026	-0.379560473839461	-0.433231838969702	-0.325889108709221	0.00336444870856506	1
-0.382924922548026	-0.403814932066914	-0.458911268437139	-0.348718595696688	-0.0208900095188879	1
-0.382924922548026	-0.390961606310749	-0.443703180872057	-0.338220031749441	-0.00803668376272293	1
-0.382924922548026	-0.426212029621341	-0.478040594178235	-0.374383465064447	-0.043287107073315	1
-0.382924922548026	-0.464275691162711	-0.543667108641159	-0.384884273684263	-0.0813507686146849	1
-0.382924922548026	-0.393459074939006	-0.445752615631543	-0.341165534246469	-0.0105341523909799	1
-0.382924922548026	-0.388219838207433	-0.440949363517923	-0.335490312896943	-0.00529491565940693	1
-0.382924922548026	-0.422684503537499	-0.478308497518036	-0.367060509556961	-0.0397595809894729	1
-0.382924922548026	-0.437049067393291	-0.493296172989012	-0.38080196179757	-0.054124144845265	1
-0.382924922548026	-0.431957268705464	-0.500164730951299	-0.363749806459629	-0.049032346157438	1
-0.382924922548026	-0.382258157496447	-0.431185819166416	-0.333330495826478	0.000666765051579088	1
-0.382924922548026	-0.379662452150833	-0.434571825276479	-0.324753079025187	0.00326247039719307	1
-0.382924922548026	-0.371251827810225	-0.423740720235126	-0.318762935385324	0.0116730947378011	1
-0.382924922548026	-0.382782300012575	-0.43621509060931	-0.32934950941584	0.000142622535451054	1
-0.382924922548026	-0.396704825708205	-0.449897088544302	-0.343512562872108	-0.0137799031601789	1
-0.382924922548026	-0.355777945535874	-0.409121285639806	-0.302434605431941	0.0271469770121521	1
-0.382924922548026	-0.41145341842408	-0.4657353741351	-0.357171462713059	-0.0285284958760539	1
-0.382924922548026	-0.459760914678921	-0.513937562121838	-0.405584267236003	-0.0768359921308949	1
-0.382924922548026	-0.384190477555351	-0.441026740313938	-0.327354214796763	-0.00126555500732495	1
-0.382924922548026	-0.402167926465518	-0.456995456777002	-0.347340396154034	-0.019243003917492	1
-0.382924922548026	-0.408570095979888	-0.479865966110574	-0.337274225849202	-0.025645173431862	1
-0.382924922548026	-0.43307953912242	-0.501707009273947	-0.364452068970894	-0.0501546165743939	1
-0.382924922548026	-0.374050418953713	-0.431216495418108	-0.316884342489319	0.00887450359431308	1
-0.382924922548026	-0.40719796730792	-0.461601768398055	-0.352794166217785	-0.0242730447598939	1
-0.382924922548026	-0.39917076517026	-0.451594031532742	-0.346747498807779	-0.0162458426222339	1
-0.382924922548026	-0.446699866822083	-0.499522752669633	-0.393876980974533	-0.0637749442740569	1
-0.382924922548026	-0.421448953476353	-0.474308382928678	-0.368589524024027	-0.038524030928327	1
-0.382924922548026	-0.385777036866093	-0.440336353235403	-0.331217720496783	-0.00285211431806692	1
-0.382924922548026	-0.378044705028302	-0.43231921100532	-0.323770199051285	0.00488021751972406	1
-0.382924922548026	-0.416516925240533	-0.468714515084857	-0.36431933539621	-0.033592002692507	1
-0.382924922548026	-0.385470838488777	-0.436946514123384	-0.333995162854171	-0.00254591594075093	1
-0.382924922548026	-0.422756371535428	-0.48614812089315	-0.359364622177706	-0.0398314489874019	1
-0.382924922548026	-0.402696078891937	-0.454256984271152	-0.351135173512722	-0.0197711563439109	1
-0.382924922548026	-0.407962276007428	-0.463139483988617	-0.352785068026239	-0.0250373534594019	1
-0.382924922548026	-0.396766950230238	-0.449879649912226	-0.34365425054825	-0.0138420276822119	1
-0.382924922548026	-0.389070570547814	-0.456238585058043	-0.321902556037584	-0.00614564799978795	1
-0.382924922548026	-0.408847042489363	-0.464946407681381	-0.352747677297345	-0.0259221199413369	1
-0.382924922548026	-0.378598779505	-0.435065314725671	-0.32213224428433	0.00432614304302609	1
-0.382924922548026	-0.421785140649476	-0.478867231186882	-0.364703050112071	-0.0388602181014499	1
-0.382924922548026	-0.377648172387827	-0.446163979207613	-0.309132365568041	0.00527675016019907	1
-0.382924922548026	-0.405672955638696	-0.468141385351648	-0.343204525925744	-0.0227480330906699	1
-0.382924922548026	-0.359003079668089	-0.413892229411139	-0.304113929925039	0.0239218428799371	1
-0.382924922548026	-0.392541198186933	-0.454312279552986	-0.330770116820879	-0.00961627563890693	1
-0.382924922548026	-0.398196442344277	-0.460689798380742	-0.335703086307811	-0.0152715197962509	1
-0.382924922548026	-0.395961608384227	-0.458446059891678	-0.333477156876775	-0.0130366858362009	1
-0.382924922548026	-0.420306663422886	-0.485103746752331	-0.35550958009344	-0.0373817408748599	1
-0.382924922548026	-0.402467889401118	-0.462857582621292	-0.342078196180943	-0.0195429668530919	1
-0.382924922548026	-0.440773071581286	-0.498163995292735	-0.383382147869836	-0.0578481490332599	1
-0.382924922548026	-0.396223870970417	-0.45302873928336	-0.339419002657474	-0.0132989484223909	1
-0.382924922548026	-0.444782500103266	-0.498954734165114	-0.390610266041418	-0.0618575775552399	1
-0.382924922548026	-0.389844600429325	-0.442378993374221	-0.337310207484429	-0.00691967788129894	1
-0.382924922548026	-0.401521048266095	-0.463378795248449	-0.339663301283741	-0.018596125718069	1
-0.382924922548026	-0.395087218793918	-0.457803850386876	-0.33237058720096	-0.0121622962458919	1
-0.382924922548026	-0.329631982752606	-0.383220928783188	-0.276043036722024	0.05329293979542	1
-0.382924922548026	-0.408702005058521	-0.460968023734369	-0.356435986382672	-0.0257770825104949	1
-0.382924922548026	-0.392435781785767	-0.448136855814218	-0.336734707757315	-0.00951085923774092	1
-0.382924922548026	-0.366447862120948	-0.425946286233866	-0.30694943800803	0.0164770604270781	1
-0.382924922548026	-0.404339920485376	-0.458105639841347	-0.350574201129404	-0.0214149979373499	1
-0.382924922548026	-0.395375070696577	-0.462892943348513	-0.327857198044641	-0.0124501481485509	1
-0.382924922548026	-0.393827574537486	-0.450609855786322	-0.337045293288651	-0.0109026519894599	1
-0.382924922548026	-0.470883044697753	-0.526339509531859	-0.415426579863646	-0.0879581221497269	1
-0.382924922548026	-0.418536346030654	-0.47171566404889	-0.365357028012417	-0.0356114234826279	1
-0.382924922548026	-0.455617279914253	-0.513616828884093	-0.397617730944413	-0.0726923573662269	1
-0.382924922548026	-0.377733618529413	-0.437091984221236	-0.31837525283759	0.00519130401861306	1
-0.382924922548026	-0.44349434882276	-0.507714440645344	-0.379274257000176	-0.0605694262747339	1
-0.382924922548026	-0.395684088718615	-0.459713006597932	-0.331655170839298	-0.0127591661705889	1
-0.382924922548026	-0.444565518776657	-0.513270049754151	-0.375860987799162	-0.0616405962286309	1
-0.382924922548026	-0.399835367727658	-0.46407664564832	-0.335594089806996	-0.0169104451796319	1
-0.382924922548026	-0.409253276841867	-0.465426633188839	-0.353079920494895	-0.0263283542938409	1
-0.382924922548026	-0.352634212998587	-0.405013945692012	-0.300254480305162	0.0302907095494391	1
-0.382924922548026	-0.399786336207086	-0.452780396616637	-0.346792275797534	-0.0168614136590599	1
-0.382924922548026	-0.374265786477826	-0.447434798553908	-0.301096774401744	0.00865913607020008	1
-0.382924922548026	-0.389810293660876	-0.444938383712846	-0.334682203608905	-0.00688537111284993	1
-0.382924922548026	-0.426749221763891	-0.482158589242751	-0.371339854285031	-0.0438242992158649	1
-0.382924922548026	-0.396826042766252	-0.456898122516809	-0.336753963015695	-0.0139011202182259	1
-0.382924922548026	-0.373427781193261	-0.425887634766904	-0.320967927619618	0.00949714135476509	1
-0.382924922548026	-0.430322031515676	-0.490322372079166	-0.370321690952186	-0.0473971089676499	1
-0.382924922548026	-0.424059879566775	-0.477059102226858	-0.371060656906693	-0.0411349570187489	1
-0.382924922548026	-0.378003755178255	-0.433378606837584	-0.322628903518925	0.00492116736977105	1
-0.382924922548026	-0.367472208923979	-0.41862780639125	-0.316316611456707	0.015452713624047	1
-0.382924922548026	-0.390882492427401	-0.443966197391976	-0.337798787462826	-0.0079575698793749	1
-0.382924922548026	-0.436873213811369	-0.493572805269609	-0.380173622353129	-0.0539482912633429	1
-0.382924922548026	-0.38360219489111	-0.435483253813284	-0.331721135968937	-0.000677272343083957	1
-0.382924922548026	-0.419200777477033	-0.483376591677069	-0.355024963276996	-0.0362758549290069	1
-0.382924922548026	-0.382197030907439	-0.436968175919436	-0.327425885895441	0.000727891640587064	1
-0.382924922548026	-0.403360070431286	-0.458582028307103	-0.348138112555468	-0.02043514788326	1
-0.382924922548026	-0.442388472781009	-0.505067959380501	-0.379708986181517	-0.0594635502329829	1
-0.382924922548026	-0.328290498601218	-0.38108464851125	-0.275496348691186	0.0546344239468081	1
-0.382924922548026	-0.391686107456125	-0.444198226321073	-0.339173988591176	-0.00876118490809891	1
-0.382924922548026	-0.398146404300705	-0.458956819767515	-0.337335988833894	-0.015221481752679	1
-0.382924922548026	-0.412903090553888	-0.467290501690162	-0.358515679417614	-0.0299781680058619	1
-0.382924922548026	-0.372542792666438	-0.439924737177805	-0.305160848155072	0.010382129881588	1
-0.382924922548026	-0.425371274737872	-0.482246632532816	-0.368495916942929	-0.0424463521898459	1
-0.382924922548026	-0.401285971766777	-0.455156773265083	-0.347415170268471	-0.0183610492187509	1
-0.382924922548026	-0.402841399319976	-0.470368435733336	-0.335314362906617	-0.0199164767719499	1
-0.382924922548026	-0.400611659436858	-0.455504528638927	-0.345718790234789	-0.0176867368888319	1
-0.382924922548026	-0.381885574244514	-0.435237464772335	-0.328533683716692	0.00103934830351204	1
-0.382924922548026	-0.409198581511693	-0.468992472349751	-0.349404690673635	-0.026273658963667	1
-0.382924922548026	-0.431631428801486	-0.483889740548141	-0.37937311705483	-0.0487065062534599	1
-0.382924922548026	-0.386762672915852	-0.443314037581514	-0.33021130825019	-0.00383775036782591	1
-0.382924922548026	-0.400618638564696	-0.461010505236129	-0.340226771893263	-0.0176937160166699	1
-0.382924922548026	-0.373016943121342	-0.424871460730278	-0.321162425512406	0.00990797942668409	1
-0.382924922548026	-0.389494017732009	-0.44370695803026	-0.335281077433759	-0.00656909518398291	1
