"V1"	"V2"	"V3"	"V4"	"V5"	"V6"
-0.382924922548026	-0.408143986833146	-0.463786754063222	-0.352501219603071	-0.0252190642851199	1
-0.382924922548026	-0.408170375229806	-0.4651131180462	-0.351227632413412	-0.0252454526817799	1
-0.382924922548026	-0.456403243950782	-0.509457667150918	-0.403348820750645	-0.073478321402756	1
-0.382924922548026	-0.413432097893082	-0.47364762069693	-0.353216575089234	-0.0305071753450559	1
-0.382924922548026	-0.419431054641991	-0.48306869085207	-0.355793418431913	-0.0365061320939649	1
-0.382924922548026	-0.418702612000912	-0.472685185771143	-0.364720038230682	-0.035777689452886	1
-0.382924922548026	-0.449171333403784	-0.504109206917714	-0.394233459889854	-0.0662464108557579	1
-0.382924922548026	-0.400658010164392	-0.465590275930124	-0.335725744398661	-0.0177330876163659	1
-0.382924922548026	-0.44843985957954	-0.510773828355233	-0.386105890803847	-0.065514937031514	1
-0.382924922548026	-0.409918300320511	-0.469170637353125	-0.350665963287896	-0.0269933777724849	1
-0.382924922548026	-0.384605402329085	-0.438343666270759	-0.33086713838741	-0.00168047978105895	1
-0.382924922548026	-0.425699527071232	-0.480537905711747	-0.370861148430718	-0.0427746045232059	1
-0.382924922548026	-0.397779898224551	-0.447723432345803	-0.347836364103298	-0.0148549756765249	1
-0.382924922548026	-0.437690827464473	-0.51804376788976	-0.357337887039186	-0.054765904916447	1
-0.382924922548026	-0.422317001004361	-0.474775032617817	-0.369858969390904	-0.0393920784563349	1
-0.382924922548026	-0.381344636000306	-0.452257970557609	-0.310431301443002	0.00158028654772008	1
-0.382924922548026	-0.441780984256933	-0.513213768203889	-0.370348200309976	-0.0588560617089069	1
-0.382924922548026	-0.412268344301459	-0.46370903077557	-0.360827657827348	-0.0293434217534329	1
-0.382924922548026	-0.42202960681412	-0.478773066535935	-0.365286147092305	-0.0391046842660939	1
-0.382924922548026	-0.394299181066372	-0.448035004555183	-0.340563357577562	-0.0113742585183459	1
-0.382924922548026	-0.401600865936703	-0.476182760085164	-0.327018971788243	-0.018675943388677	1
-0.382924922548026	-0.434403486124761	-0.488964688597464	-0.379842283652057	-0.0514785635767349	1
-0.382924922548026	-0.386747042543861	-0.441076698181833	-0.332417386905889	-0.00382211999583493	1
-0.382924922548026	-0.367396094887839	-0.417156352257183	-0.317635837518494	0.0155288276601871	1
-0.382924922548026	-0.333747800960056	-0.38986194443015	-0.277633657489961	0.0491771215879701	1
-0.382924922548026	-0.435847676341317	-0.505442891058715	-0.366252461623919	-0.0529227537932909	1
-0.382924922548026	-0.394246194807766	-0.464593456736068	-0.323898932879463	-0.0113212722597399	1
-0.382924922548026	-0.387171745263194	-0.45081375664424	-0.323529733882148	-0.00424682271516791	1
-0.382924922548026	-0.396929491972929	-0.454422031270651	-0.339436952675208	-0.0140045694249029	1
-0.382924922548026	-0.427112872740698	-0.479543529325124	-0.374682216156272	-0.0441879501926719	1
-0.382924922548026	-0.439235608966556	-0.494647969102852	-0.38382324883026	-0.0563106864185299	1
-0.382924922548026	-0.366037815444546	-0.42512962175601	-0.306946009133081	0.0168871071034801	1
-0.382924922548026	-0.396621624733486	-0.460552782422062	-0.332690467044911	-0.0136967021854599	1
-0.382924922548026	-0.418050798293769	-0.470779916155045	-0.365321680432494	-0.0351258757457429	1
-0.382924922548026	-0.37368601537776	-0.42493066147893	-0.32244136927659	0.0092389071702661	1
-0.382924922548026	-0.384571542274539	-0.451516538076074	-0.317626546473004	-0.00164661972651292	1
-0.382924922548026	-0.378788470999329	-0.447004014173084	-0.310572927825575	0.00413645154869707	1
-0.382924922548026	-0.438239233996752	-0.489346020487733	-0.38713244750577	-0.055314311448726	1
-0.382924922548026	-0.418288591201321	-0.468826413268625	-0.367750769134017	-0.0353636686532949	1
-0.382924922548026	-0.386506811224352	-0.439015694249306	-0.333997928199399	-0.00358188867632592	1
-0.382924922548026	-0.408083563383064	-0.468677251631545	-0.347489875134583	-0.0251586408350379	1
-0.382924922548026	-0.384179565428598	-0.441862737760179	-0.326496393097017	-0.00125464288057192	1
-0.382924922548026	-0.358697533703558	-0.411536268155658	-0.305858799251457	0.0242273888444681	1
-0.382924922548026	-0.332670469102314	-0.3870386690933	-0.278302269111329	0.0502544534457121	1
-0.382924922548026	-0.403026882181044	-0.455588487313346	-0.350465277048743	-0.0201019596330179	1
-0.382924922548026	-0.367487640158326	-0.42153231229417	-0.313442968022481	0.0154372823897	1
-0.382924922548026	-0.389777727078831	-0.440439905410145	-0.339115548747516	-0.00685280453080495	1
-0.382924922548026	-0.387230625359732	-0.43881152892796	-0.335649721791505	-0.00430570281170595	1
-0.382924922548026	-0.396736728610307	-0.449987021077241	-0.343486436143373	-0.0138118060622809	1
-0.382924922548026	-0.332702643677564	-0.385908842623059	-0.279496444732069	0.050222278870462	1
-0.382924922548026	-0.434347991068884	-0.485244451215612	-0.383451530922157	-0.0514230685208579	1
-0.382924922548026	-0.383683049709657	-0.443494623622494	-0.323871475796819	-0.000758127161630928	1
-0.382924922548026	-0.414138024093769	-0.482501890516451	-0.345774157671087	-0.0312131015457429	1
-0.382924922548026	-0.383699910520638	-0.445681257510695	-0.32171856353058	-0.00077498797261194	1
-0.382924922548026	-0.3829331698457	-0.450364414874952	-0.315501924816448	-8.24729767395782e-06	1
-0.382924922548026	-0.397218696359989	-0.463370315827897	-0.331067076892081	-0.014293773811963	1
-0.382924922548026	-0.427076721437588	-0.481284764672823	-0.372868678202353	-0.0441517988895619	1
-0.382924922548026	-0.391492450399413	-0.445898313805772	-0.337086586993053	-0.00856752785138692	1
-0.382924922548026	-0.400695818147016	-0.454625349043401	-0.346766287250632	-0.0177708955989899	1
-0.382924922548026	-0.376367363939002	-0.42590774549211	-0.326826982385893	0.00655755860902407	1
-0.382924922548026	-0.383323392205771	-0.438125443557932	-0.328521340853611	-0.000398469657744926	1
-0.382924922548026	-0.437629248025637	-0.504119484659618	-0.371139011391656	-0.0547043254776109	1
-0.382924922548026	-0.388176443405659	-0.444222996090297	-0.332129890721021	-0.00525152085763292	1
-0.382924922548026	-0.464809531879615	-0.545696020669925	-0.383923043089306	-0.0818846093315889	1
-0.382924922548026	-0.42881580180206	-0.48420545474321	-0.37342614886091	-0.045890879254034	1
-0.382924922548026	-0.407929790383467	-0.471792624554412	-0.344066956212521	-0.0250048678354409	1
-0.382924922548026	-0.438697829438503	-0.505776275821708	-0.371619383055299	-0.0557729068904769	1
-0.382924922548026	-0.383403065251208	-0.44407207898522	-0.322734051517197	-0.000478142703181916	1
-0.382924922548026	-0.381907256005433	-0.434586222793961	-0.329228289216904	0.00101766654259305	1
-0.382924922548026	-0.367673727685076	-0.418366663201559	-0.316980792168592	0.0152511948629501	1
-0.382924922548026	-0.424456640265558	-0.492615615283348	-0.356297665247769	-0.0415317177175319	1
-0.382924922548026	-0.416443657815311	-0.477113819800757	-0.355773495829865	-0.0335187352672849	1
-0.382924922548026	-0.426925064779558	-0.501931619478671	-0.351918510080444	-0.0440001422315319	1
-0.382924922548026	-0.36027257870678	-0.417761992375177	-0.302783165038384	0.0226523438412461	1
-0.382924922548026	-0.356877532240803	-0.411422996223025	-0.302332068258582	0.0260473903072231	1
-0.382924922548026	-0.401397732094637	-0.465323845846624	-0.33747161834265	-0.018472809546611	1
-0.382924922548026	-0.447789309409329	-0.510752111885248	-0.38482650693341	-0.0648643868613029	1
-0.382924922548026	-0.380494286172509	-0.432905858664903	-0.328082713680115	0.00243063637551705	1
-0.382924922548026	-0.398881027979843	-0.457894100179056	-0.339867955780631	-0.0159561054318169	1
-0.382924922548026	-0.4148315558358	-0.470260339186841	-0.359402772484759	-0.0319066332877739	1
-0.382924922548026	-0.412185576884204	-0.470956921428025	-0.353414232340383	-0.0292606543361779	1
-0.382924922548026	-0.394799512836239	-0.448491530636233	-0.341107495036245	-0.0118745902882129	1
-0.382924922548026	-0.372161998238022	-0.423189245209377	-0.321134751266666	0.0107629243100041	1
-0.382924922548026	-0.390999202382506	-0.463591188685414	-0.318407216079598	-0.00807427983447995	1
-0.382924922548026	-0.437257221068992	-0.50674548875152	-0.367768953386464	-0.0543322985209659	1
-0.382924922548026	-0.423291151382409	-0.484786404659121	-0.361795898105697	-0.040366228834383	1
-0.382924922548026	-0.408283878750153	-0.463192953704985	-0.353374803795322	-0.0253589562021269	1
-0.382924922548026	-0.360804173932372	-0.415218869676315	-0.306389478188429	0.0221207486156541	1
-0.382924922548026	-0.435193380798021	-0.492445823305842	-0.377940938290199	-0.0522684582499949	1
-0.382924922548026	-0.379295365421244	-0.430741814951832	-0.327848915890655	0.00362955712678209	1
-0.382924922548026	-0.403995819461057	-0.458975268480021	-0.349016370442092	-0.0210708969130309	1
-0.382924922548026	-0.353033313360688	-0.403628955619118	-0.302437671102259	0.0298916091873381	1
-0.382924922548026	-0.444246414143731	-0.505851757841763	-0.382641070445699	-0.0613214915957049	1
-0.382924922548026	-0.386651019176065	-0.437803772009246	-0.335498266342884	-0.00372609662803891	1
-0.382924922548026	-0.439284832029011	-0.507961425773198	-0.370608238284825	-0.0563599094809849	1
-0.382924922548026	-0.381953324400828	-0.434301939399921	-0.329604709401736	0.000971598147198049	1
-0.382924922548026	-0.400889910147183	-0.451513698549595	-0.350266121744771	-0.0179649875991569	1
-0.382924922548026	-0.417131841204248	-0.490511320782892	-0.343752361625604	-0.0342069186562219	1
-0.382924922548026	-0.374739526469762	-0.435662980154688	-0.313816072784835	0.00818539607826407	1
-0.382924922548026	-0.450664296826849	-0.522915651586773	-0.378412942066924	-0.0677393742788229	1
-0.382924922548026	-0.424301824813136	-0.477391577303367	-0.371212072322906	-0.0413769022651099	1
-0.382924922548026	-0.392186370523534	-0.44636995462392	-0.338002786423149	-0.00926144797550793	1
-0.382924922548026	-0.430126838551006	-0.495862327866625	-0.364391349235387	-0.0472019160029799	1
-0.382924922548026	-0.417738725000509	-0.469304724477055	-0.366172725523962	-0.0348138024524829	1
-0.382924922548026	-0.413511157569115	-0.464364795039425	-0.362657520098806	-0.0305862350210889	1
-0.382924922548026	-0.398092793764974	-0.482038272455022	-0.314147315074926	-0.0151678712169479	1
-0.382924922548026	-0.399535216632033	-0.452866360331	-0.346204072933065	-0.0166102940840069	1
-0.382924922548026	-0.374493772528001	-0.431974469084705	-0.317013075971296	0.00843115002002509	1
-0.382924922548026	-0.367146927930767	-0.443335475448307	-0.290958380413227	0.0157779946172591	1
-0.382924922548026	-0.439499928574679	-0.508467994371806	-0.370531862777551	-0.0565750060266529	1
-0.382924922548026	-0.411889125197839	-0.473647067495593	-0.350131182900084	-0.0289642026498129	1
-0.382924922548026	-0.479051250070949	-0.537019284813197	-0.421083215328701	-0.0961263275229229	1
-0.382924922548026	-0.37204155111557	-0.430047527821976	-0.314035574409165	0.010883371432456	1
-0.382924922548026	-0.411150294820879	-0.478732207520595	-0.343568382121163	-0.0282253722728529	1
-0.382924922548026	-0.406695093320581	-0.465986553068538	-0.347403633572623	-0.0237701707725549	1
-0.382924922548026	-0.42595671803257	-0.48203464656247	-0.36987878950267	-0.0430317954845439	1
-0.382924922548026	-0.376760455350972	-0.427631182782509	-0.325889727919435	0.00616446719705405	1
-0.382924922548026	-0.466651141915114	-0.521516423056619	-0.411785860773608	-0.0837262193670879	1
-0.382924922548026	-0.451171093843389	-0.517603796697711	-0.384738390989066	-0.0682461712953629	1
-0.382924922548026	-0.383831932772852	-0.443795763042065	-0.323868102503638	-0.000907010224825922	1
-0.382924922548026	-0.387455907510033	-0.437087879692016	-0.337823935328051	-0.00453098496200693	1
-0.382924922548026	-0.410852849933152	-0.462738313628931	-0.358967386237374	-0.027927927385126	1
-0.382924922548026	-0.406078005599451	-0.460309403437665	-0.351846607761237	-0.0231530830514249	1
-0.382924922548026	-0.388318090034506	-0.448916390509103	-0.327719789559908	-0.00539316748647994	1
-0.382924922548026	-0.440796599383192	-0.495934003857058	-0.385659194909327	-0.0578716768351659	1
-0.382924922548026	-0.366053708682706	-0.416331517369945	-0.315775899995468	0.0168712138653201	1
-0.382924922548026	-0.404866930953664	-0.466251995572826	-0.343481866334501	-0.0219420084056379	1
-0.382924922548026	-0.425311608557705	-0.480686604049189	-0.36993661306622	-0.0423866860096789	1
-0.382924922548026	-0.38073528290583	-0.43119508502093	-0.33027548079073	0.0021896396421961	1
-0.382924922548026	-0.404227719270862	-0.456317406095055	-0.352138032446668	-0.0213027967228359	1
-0.382924922548026	-0.390315279861144	-0.448043098207313	-0.332587461514976	-0.00739035731311793	1
-0.382924922548026	-0.412571474643395	-0.466433314998779	-0.358709634288011	-0.0296465520953689	1
-0.382924922548026	-0.411038282035802	-0.467347005199176	-0.354729558872428	-0.0281133594877759	1
-0.382924922548026	-0.369236009965431	-0.432774075048857	-0.305697944882006	0.0136889125825951	1
-0.382924922548026	-0.375768075286185	-0.4319811893998	-0.319554961172569	0.00715684726184107	1
-0.382924922548026	-0.390948510826687	-0.453741570364882	-0.328155451288492	-0.00802358827866095	1
-0.382924922548026	-0.375656340623438	-0.442871325104875	-0.308441356142002	0.00726858192458807	1
-0.382924922548026	-0.402248844330909	-0.454117655723759	-0.350380032938059	-0.0193239217828829	1
-0.382924922548026	-0.420701586607091	-0.476543564942322	-0.364859608271861	-0.0377766640590649	1
-0.382924922548026	-0.462898314818597	-0.516570666861782	-0.409225962775413	-0.0799733922705709	1
-0.382924922548026	-0.387867898857445	-0.440477160798872	-0.335258636916017	-0.00494297630941892	1
-0.382924922548026	-0.423185187423148	-0.474996625436037	-0.371373749410259	-0.0402602648751219	1
-0.382924922548026	-0.391382319631083	-0.446032521585044	-0.336732117677122	-0.00845739708305693	1
-0.382924922548026	-0.407023834774111	-0.462970387327794	-0.351077282220427	-0.024098912226085	1
-0.382924922548026	-0.323630414247876	-0.374241196870276	-0.273019631625477	0.0592945083001501	1
-0.382924922548026	-0.402801817184375	-0.457589461468396	-0.348014172900354	-0.019876894636349	1
-0.382924922548026	-0.381873203198942	-0.443177143327147	-0.320569263070737	0.00105171934908405	1
-0.382924922548026	-0.365869597879749	-0.415863914980068	-0.315875280779431	0.0170553246682771	1
-0.382924922548026	-0.392815707773901	-0.450041832633318	-0.335589582914485	-0.00989078522587494	1
-0.382924922548026	-0.364490591590184	-0.417133263184566	-0.311847919995801	0.0184343309578421	1
-0.382924922548026	-0.440040553005275	-0.503450803338161	-0.37663030267239	-0.0571156304572489	1
-0.382924922548026	-0.361589943076287	-0.421857446693671	-0.301322439458902	0.0213349794717391	1
-0.382924922548026	-0.417444701256169	-0.480612026982329	-0.354277375530009	-0.0345197787081429	1
-0.382924922548026	-0.419115565935944	-0.472947422884083	-0.365283708987804	-0.0361906433879179	1
-0.382924922548026	-0.407875280839419	-0.469272697895854	-0.346477863782984	-0.0249503582913929	1
-0.382924922548026	-0.420845028571137	-0.486743142166528	-0.354946914975745	-0.0379201060231109	1
-0.382924922548026	-0.402101980325253	-0.463378474842424	-0.340825485808083	-0.0191770577772269	1
-0.382924922548026	-0.407965411040462	-0.463638173964884	-0.35229264811604	-0.025040488492436	1
-0.382924922548026	-0.412321554525143	-0.462803104303316	-0.361840004746969	-0.0293966319771169	1
-0.382924922548026	-0.399168956665286	-0.456582821337339	-0.341755091993233	-0.0162440341172599	1
-0.382924922548026	-0.392105749669107	-0.473686192654198	-0.310525306684016	-0.00918082712108093	1
-0.382924922548026	-0.384412228860869	-0.436623045673308	-0.332201412048429	-0.00148730631284294	1
-0.382924922548026	-0.391763443688798	-0.442834554706631	-0.340692332670964	-0.00883852114077194	1
-0.382924922548026	-0.38978609839667	-0.457430863276987	-0.322141333516354	-0.00686117584864393	1
-0.382924922548026	-0.38558840225283	-0.440101764802409	-0.33107503970325	-0.00266347970480391	1
-0.382924922548026	-0.377704378485569	-0.433427459838111	-0.321981297133026	0.00522054406245709	1
-0.382924922548026	-0.390870493925652	-0.471642543642186	-0.310098444209118	-0.00794557137762592	1
-0.382924922548026	-0.420942875084825	-0.485188091212202	-0.356697658957449	-0.0380179525367989	1
-0.382924922548026	-0.393732502906996	-0.45420939285144	-0.333255612962553	-0.0108075803589699	1
-0.382924922548026	-0.410868427305104	-0.471693793877811	-0.350043060732397	-0.0279435047570779	1
-0.382924922548026	-0.382266238014143	-0.435244960104334	-0.329287515923953	0.000658684533883069	1
-0.382924922548026	-0.355183615434755	-0.406419758368997	-0.303947472500512	0.0277413071132711	1
-0.382924922548026	-0.422788364412051	-0.484575335530157	-0.361001393293944	-0.0398634418640249	1
-0.382924922548026	-0.45204190531756	-0.505576595914929	-0.398507214720192	-0.0691169827695339	1
-0.382924922548026	-0.46037932368759	-0.520990083867014	-0.399768563508167	-0.0774544011395639	1
-0.382924922548026	-0.39745297829205	-0.450407659380123	-0.344498297203977	-0.0145280557440239	1
-0.382924922548026	-0.351775969397724	-0.410822421819609	-0.292729516975838	0.0311489531503021	1
-0.382924922548026	-0.404272137391796	-0.460657936349245	-0.347886338434347	-0.0213472148437699	1
-0.382924922548026	-0.387377568213033	-0.445158645847771	-0.329596490578295	-0.00445264566500692	1
-0.382924922548026	-0.368469296876145	-0.431911184744613	-0.305027409007678	0.0144556256718811	1
-0.382924922548026	-0.439806213062547	-0.496186174753192	-0.383426251371901	-0.056881290514521	1
-0.382924922548026	-0.41064002947318	-0.468348102580998	-0.352931956365361	-0.0277151069251539	1
-0.382924922548026	-0.333822884412937	-0.381964132368616	-0.285681636457258	0.0491020381350891	1
-0.382924922548026	-0.4055504620178	-0.471851308741183	-0.339249615294417	-0.0226255394697739	1
-0.382924922548026	-0.42079678615102	-0.473020708419364	-0.368572863882676	-0.0378718636029939	1
-0.382924922548026	-0.457854658878271	-0.511093271385773	-0.404616046370768	-0.0749297363302449	1
-0.382924922548026	-0.429188046216075	-0.488374596865439	-0.37000149556671	-0.0462631236680489	1
-0.382924922548026	-0.381151892330351	-0.437073956169894	-0.325229828490808	0.00177303021767505	1
-0.382924922548026	-0.380191622057367	-0.433496997353539	-0.326886246761195	0.00273330049065906	1
-0.382924922548026	-0.398439995498916	-0.454115594601791	-0.342764396396041	-0.0155150729508899	1
-0.382924922548026	-0.370861365614156	-0.422148184370291	-0.319574546858021	0.0120635569338701	1
-0.382924922548026	-0.388894327737919	-0.440060033689749	-0.33772862178609	-0.00596940518989292	1
-0.382924922548026	-0.420457314053889	-0.49558965516333	-0.345324972944448	-0.0375323915058629	1
-0.382924922548026	-0.406783017894937	-0.462330064920679	-0.351235970869194	-0.0238580953469109	1
-0.382924922548026	-0.37925641965107	-0.436047732790003	-0.322465106512136	0.00366850289695608	1
-0.382924922548026	-0.39096025500211	-0.458131559608889	-0.323788950395332	-0.00803533245408394	1
-0.382924922548026	-0.419027522429635	-0.472468638648716	-0.365586406210553	-0.0361025998816089	1
-0.382924922548026	-0.379235659963916	-0.435952573455602	-0.32251874647223	0.00368926258411006	1
-0.382924922548026	-0.365375114884926	-0.418223591528264	-0.312526638241587	0.0175498076631	1
-0.382924922548026	-0.416530179301879	-0.472144931007315	-0.360915427596442	-0.033605256753853	1
-0.382924922548026	-0.452757545814137	-0.513555547994175	-0.3919595436341	-0.0698326232661109	1
-0.382924922548026	-0.415844538942779	-0.478136064857995	-0.353553013027564	-0.0329196163947529	1
-0.382924922548026	-0.38466178493252	-0.445855860583963	-0.323467709281077	-0.00173686238449394	1
-0.382924922548026	-0.376713188232292	-0.431036300152603	-0.322390076311981	0.00621173431573407	1
-0.382924922548026	-0.35038209748047	-0.403634773289796	-0.297129421671144	0.0325428250675561	1
-0.382924922548026	-0.359117269192488	-0.412687794749159	-0.305546743635817	0.0238076533555381	1
-0.382924922548026	-0.397247497241021	-0.452196128008552	-0.34229886647349	-0.0143225746929949	1
-0.382924922548026	-0.331086417253093	-0.384790368760514	-0.277382465745672	0.0518385052949331	1
-0.382924922548026	-0.346234474656303	-0.404869948733479	-0.287599000579127	0.036690447891723	1
-0.382924922548026	-0.370379037761908	-0.428653324403583	-0.312104751120233	0.0125458847861181	1
-0.382924922548026	-0.415092998464826	-0.471134011931284	-0.359051984998367	-0.0321680759167999	1
-0.382924922548026	-0.393127407858689	-0.443127059047233	-0.343127756670145	-0.0102024853106629	1
-0.382924922548026	-0.418326246556219	-0.471207589953384	-0.365444903159054	-0.0354013240081929	1
-0.382924922548026	-0.454634512586487	-0.512910244036507	-0.396358781136466	-0.0717095900384609	1
-0.382924922548026	-0.42668775423562	-0.481022454741885	-0.372353053729355	-0.0437628316875939	1
-0.382924922548026	-0.386201759723109	-0.43483628240823	-0.337567237037987	-0.00327683717508293	1
-0.382924922548026	-0.376920234664897	-0.432626221465154	-0.32121424786464	0.00600468788312908	1
-0.382924922548026	-0.420784892779812	-0.473018929992318	-0.368550855567306	-0.0378599702317859	1
-0.382924922548026	-0.405910570981593	-0.47663880422288	-0.335182337740305	-0.0229856484335669	1
-0.382924922548026	-0.399579525917575	-0.453579237552544	-0.345579814282607	-0.0166546033695489	1
-0.382924922548026	-0.403569936406839	-0.460119057686018	-0.347020815127659	-0.020645013858813	1
-0.382924922548026	-0.345269324924367	-0.404140468403944	-0.28639818144479	0.0376555976236591	1
-0.382924922548026	-0.465211726219379	-0.519921834745598	-0.410501617693161	-0.0822868036713529	1
-0.382924922548026	-0.392438884487532	-0.446191480775977	-0.338686288199087	-0.00951396193950593	1
-0.382924922548026	-0.41619782372051	-0.469921303993474	-0.362474343447547	-0.0332729011724839	1
-0.382924922548026	-0.425645186758928	-0.483038017774839	-0.368252355743017	-0.0427202642109019	1
-0.382924922548026	-0.371254563086908	-0.423311517794141	-0.319197608379675	0.0116703594611181	1
-0.382924922548026	-0.410005945760397	-0.462688409075519	-0.357323482445274	-0.0270810232123709	1
-0.382924922548026	-0.461079145634272	-0.514284772248992	-0.407873519019551	-0.0781542230862459	1
-0.382924922548026	-0.372373096267566	-0.425708456543667	-0.319037735991465	0.0105518262804601	1
-0.382924922548026	-0.429513139177623	-0.497481772451343	-0.361544505903902	-0.0465882166295969	1
-0.382924922548026	-0.357930339120679	-0.419099519464583	-0.296761158776776	0.0249945834273471	1
-0.382924922548026	-0.399919414186019	-0.471949260162379	-0.327889568209659	-0.0169944916379929	1
-0.382924922548026	-0.39442523682213	-0.444490650541395	-0.344359823102865	-0.0115003142741039	1
-0.382924922548026	-0.402237145466065	-0.456575100810549	-0.347899190121581	-0.0193122229180389	1
-0.382924922548026	-0.401268150784498	-0.464170491969575	-0.338365809599421	-0.0183432282364719	1
-0.382924922548026	-0.39523719835298	-0.450725204239256	-0.339749192466705	-0.0123122758049539	1
-0.382924922548026	-0.449920023580513	-0.522091806372897	-0.377748240788129	-0.0669951010324869	1
-0.382924922548026	-0.381010655347356	-0.436134871456076	-0.325886439238635	0.00191426720067006	1
-0.382924922548026	-0.389368840298165	-0.446179116716282	-0.332558563880047	-0.00644391775013892	1
-0.382924922548026	-0.381651596547761	-0.437259624557573	-0.32604356853795	0.00127332600026508	1
-0.382924922548026	-0.403537972491586	-0.457237691137195	-0.349838253845977	-0.0206130499435599	1
-0.382924922548026	-0.381669025026195	-0.431785644240545	-0.331552405811845	0.00125589752183108	1
-0.382924922548026	-0.384786366080924	-0.438598493907341	-0.330974238254508	-0.00186144353289791	1
-0.382924922548026	-0.356571582671592	-0.416915566036552	-0.296227599306632	0.0263533398764341	1
-0.382924922548026	-0.42985737732089	-0.487590910540202	-0.372123844101577	-0.046932454772864	1
-0.382924922548026	-0.412557607356785	-0.475761359664017	-0.349353855049552	-0.0296326848087589	1
-0.382924922548026	-0.379693396396194	-0.434870428027699	-0.32451636476469	0.00323152615183209	1
-0.382924922548026	-0.402041333138234	-0.455250295669275	-0.348832370607194	-0.0191164105902079	1
-0.382924922548026	-0.428231063507776	-0.485384868815876	-0.371077258199676	-0.0453061409597499	1
-0.382924922548026	-0.410339655543148	-0.466821099319612	-0.353858211766685	-0.0274147329951219	1
-0.382924922548026	-0.422082815612757	-0.478024052362282	-0.366141578863233	-0.0391578930647309	1
-0.382924922548026	-0.472101077735772	-0.53378841717316	-0.410413738298384	-0.0891761551877459	1
-0.382924922548026	-0.423857358167184	-0.478400630835491	-0.369314085498878	-0.0409324356191579	1
-0.382924922548026	-0.404798713247219	-0.454970075106972	-0.354627351387467	-0.0218737906991929	1
-0.382924922548026	-0.373461410256147	-0.425318742529132	-0.321604077983162	0.00946351229187908	1
-0.382924922548026	-0.39190670097969	-0.443478031065252	-0.340335370894129	-0.00898177843166392	1
-0.382924922548026	-0.424019371066559	-0.48768849944515	-0.360350242687968	-0.0410944485185329	1
-0.382924922548026	-0.448109199191651	-0.514349683471195	-0.381868714912106	-0.0651842766436249	1
-0.382924922548026	-0.407556092193356	-0.483221073091866	-0.331891111294847	-0.0246311696453299	1
-0.382924922548026	-0.392365696547347	-0.444694084894561	-0.340037308200134	-0.00944077399932092	1
-0.382924922548026	-0.368822177815893	-0.42176811146394	-0.315876244167846	0.0141027447321331	1
-0.382924922548026	-0.450670912927322	-0.516053010616185	-0.38528881523846	-0.0677459903792959	1
-0.382924922548026	-0.397612689613602	-0.456736629307189	-0.338488749920015	-0.014687767065576	1
-0.382924922548026	-0.341978422611118	-0.402205744236873	-0.281751100985362	0.0409464999369081	1
-0.382924922548026	-0.405230907357388	-0.467974626971765	-0.34248718774301	-0.0223059848093619	1
-0.382924922548026	-0.401649416030886	-0.467415380584028	-0.335883451477744	-0.0187244934828599	1
-0.382924922548026	-0.42192777436541	-0.490693028880113	-0.353162519850706	-0.0390028518173839	1
-0.382924922548026	-0.455136353058244	-0.536472194490212	-0.373800511626275	-0.0722114305102179	1
-0.382924922548026	-0.37508833026708	-0.43015443200161	-0.32002222853255	0.00783659228094608	1
-0.382924922548026	-0.403555447670156	-0.47359449574774	-0.333516399592573	-0.0206305251221299	1
-0.382924922548026	-0.377685322838671	-0.429259918806448	-0.326110726870895	0.00523959970935506	1
-0.382924922548026	-0.440798986160793	-0.503258538055646	-0.378339434265941	-0.0578740636127669	1
-0.382924922548026	-0.417107724081176	-0.473070722154914	-0.361144726007438	-0.03418280153315	1
-0.382924922548026	-0.422506205032908	-0.477008723692517	-0.3680036863733	-0.0395812824848819	1
-0.382924922548026	-0.391279602094756	-0.442394700474908	-0.340164503714605	-0.00835467954672992	1
-0.382924922548026	-0.409713367299179	-0.460223313776875	-0.359203420821483	-0.0267884447511529	1
-0.382924922548026	-0.440737967194181	-0.498830591319881	-0.382645343068481	-0.0578130446461549	1
-0.382924922548026	-0.369836198423939	-0.423832173271951	-0.315840223575927	0.0130887241240871	1
-0.382924922548026	-0.418408825063331	-0.473993774802455	-0.362823875324207	-0.0354839025153049	1
-0.382924922548026	-0.357416296333707	-0.410652082176933	-0.30418051049048	0.0255086262143191	1
-0.382924922548026	-0.410266898703821	-0.463687337230402	-0.356846460177239	-0.0273419761557949	1
-0.382924922548026	-0.430523100773749	-0.483908084046257	-0.377138117501242	-0.0475981782257229	1
-0.382924922548026	-0.39854821922925	-0.467111766713041	-0.329984671745458	-0.0156232966812239	1
-0.382924922548026	-0.363351747972507	-0.423084466309387	-0.303619029635626	0.019573174575519	1
-0.382924922548026	-0.404190947744357	-0.462176608951298	-0.346205286537417	-0.0212660251963309	1
-0.382924922548026	-0.411027450230974	-0.464745734334788	-0.35730916612716	-0.0281025276829479	1
-0.382924922548026	-0.381048454497058	-0.435627028432715	-0.3264698805614	0.00187646805096808	1
-0.382924922548026	-0.398839677493511	-0.451718219962867	-0.345961135024154	-0.0159147549454849	1
-0.382924922548026	-0.401870476929641	-0.45909346662832	-0.344647487230962	-0.0189455543816149	1
-0.382924922548026	-0.391237609532303	-0.454607127753651	-0.327868091310956	-0.00831268698427695	1
-0.382924922548026	-0.434526056886975	-0.49054812195302	-0.37850399182093	-0.0516011343389489	1
-0.382924922548026	-0.432766895905881	-0.488571621612131	-0.37696217019963	-0.049841973357855	1
-0.382924922548026	-0.42459353158625	-0.489990839764095	-0.359196223408406	-0.0416686090382239	1
-0.382924922548026	-0.426794279031124	-0.480324461040022	-0.373264097022227	-0.0438693564830979	1
-0.382924922548026	-0.377307336815345	-0.432309987185144	-0.322304686445546	0.00561758573268106	1
-0.382924922548026	-0.433660047540033	-0.50960651133404	-0.357713583746026	-0.0507351249920069	1
-0.382924922548026	-0.43365923023696	-0.489767540729525	-0.377550919744395	-0.0507343076889339	1
-0.382924922548026	-0.370046979375851	-0.424877722588786	-0.315216236162916	0.0128779431721751	1
-0.382924922548026	-0.376333750354163	-0.432279020699409	-0.320388480008916	0.00659117219386307	1
-0.382924922548026	-0.384114770325012	-0.450897296722778	-0.317332243927247	-0.00118984777698594	1
-0.382924922548026	-0.404587374000862	-0.457942904219061	-0.351231843782662	-0.0216624514528359	1
-0.382924922548026	-0.374419131386788	-0.42795726034104	-0.320881002432536	0.00850579116123806	1
-0.382924922548026	-0.360578607900585	-0.42355828875674	-0.297598927044429	0.0223463146474411	1
-0.382924922548026	-0.458011600026871	-0.528945587365393	-0.38707761268835	-0.075086677478845	1
-0.382924922548026	-0.44759847277844	-0.503642535545458	-0.391554410011423	-0.0646735502304139	1
-0.382924922548026	-0.338555938373383	-0.396075216344668	-0.281036660402099	0.0443689841746431	1
-0.382924922548026	-0.372150557826084	-0.42957019469952	-0.314730920952648	0.010774364721942	1
-0.382924922548026	-0.380729019101087	-0.432989218873483	-0.328468819328692	0.0021959034469391	1
-0.382924922548026	-0.44159282256288	-0.498327030111712	-0.384858615014048	-0.0586679000148539	1
-0.382924922548026	-0.353000660144936	-0.410521314060697	-0.295480006229175	0.0299242624030901	1
-0.382924922548026	-0.387857591169125	-0.440992553610277	-0.334722628727972	-0.00493266862109892	1
-0.382924922548026	-0.387951215229189	-0.441253096229612	-0.334649334228766	-0.00502629268116295	1
-0.382924922548026	-0.434211842163746	-0.490025012912938	-0.378398671414555	-0.0512869196157199	1
-0.382924922548026	-0.390945737373465	-0.451435703919977	-0.330455770826953	-0.00802081482543893	1
-0.382924922548026	-0.444516042332325	-0.5029080300926	-0.386124054572049	-0.0615911197842989	1
-0.382924922548026	-0.447073510917861	-0.504490964580676	-0.389656057255047	-0.0641485883698349	1
-0.382924922548026	-0.421442328930205	-0.489811816091403	-0.353072841769007	-0.0385174063821789	1
-0.382924922548026	-0.381360973810848	-0.447347969135461	-0.315373978486235	0.00156394873717808	1
-0.382924922548026	-0.406031821498696	-0.467805601934042	-0.344258041063351	-0.0231068989506699	1
-0.382924922548026	-0.36596921615831	-0.419441256834817	-0.312497175481803	0.0169557063897161	1
-0.382924922548026	-0.375190040639064	-0.427253206236097	-0.32312687504203	0.00773488190896204	1
-0.382924922548026	-0.4165528695423	-0.472865204006143	-0.360240535078457	-0.0336279469942739	1
-0.382924922548026	-0.394132000763599	-0.450015438440353	-0.338248563086844	-0.0112070782155729	1
-0.382924922548026	-0.403203996845673	-0.459718660367893	-0.346689333323453	-0.0202790742976469	1
-0.382924922548026	-0.330663150396942	-0.390530599319913	-0.270795701473971	0.0522617721510841	1
-0.382924922548026	-0.379864246778587	-0.433064864378145	-0.326663629179029	0.00306067576943908	1
-0.382924922548026	-0.353618904783695	-0.406343495260147	-0.300894314307243	0.0293060177643311	1
-0.382924922548026	-0.426781173971626	-0.47945659020323	-0.374105757740021	-0.0438562514235999	1
-0.382924922548026	-0.342763694976299	-0.395143699958603	-0.290383689993995	0.0401612275717271	1
-0.382924922548026	-0.364064005367647	-0.417899084024082	-0.310228926711212	0.0188609171803791	1
-0.382924922548026	-0.3843511198417	-0.434501406386103	-0.334200833297297	-0.00142619729367394	1
-0.382924922548026	-0.38844110594846	-0.439605630078796	-0.337276581818124	-0.00551618340043392	1
-0.382924922548026	-0.438216937961465	-0.503700642911048	-0.372733233011882	-0.0552920154134389	1
-0.382924922548026	-0.377150441689133	-0.456386168119601	-0.297914715258666	0.00577448085889309	1
-0.382924922548026	-0.394814362921333	-0.446706413150101	-0.342922312692564	-0.0118894403733069	1
-0.382924922548026	-0.39507847222186	-0.448993748694015	-0.341163195749705	-0.0121535496738339	1
-0.382924922548026	-0.409751296033567	-0.4632422693616	-0.356260322705534	-0.026826373485541	1
-0.382924922548026	-0.465145537241961	-0.518896951759482	-0.41139412272444	-0.0822206146939349	1
-0.382924922548026	-0.372230676996659	-0.428875451116808	-0.31558590287651	0.0106942455513671	1
-0.382924922548026	-0.409151152890412	-0.477751588524038	-0.340550717256786	-0.0262262303423859	1
-0.382924922548026	-0.375160510259408	-0.444140023624546	-0.30618099689427	0.00776441228861807	1
-0.382924922548026	-0.436113936288951	-0.502971468072289	-0.369256404505613	-0.0531890137409249	1
-0.382924922548026	-0.42455891163701	-0.480548895830671	-0.368568927443348	-0.0416339890889839	1
-0.382924922548026	-0.385403844630578	-0.438376268460613	-0.332431420800542	-0.0024789220825519	1
-0.382924922548026	-0.3818758624149	-0.442618880964129	-0.321132843865671	0.00104906013312606	1
-0.382924922548026	-0.344717883950012	-0.397498795065488	-0.291936972834537	0.0382070385980141	1
-0.382924922548026	-0.391148988210208	-0.44355286511569	-0.338745111304726	-0.00822406566218192	1
-0.382924922548026	-0.418453003700033	-0.480536579549041	-0.356369427851025	-0.035528081152007	1
-0.382924922548026	-0.386707943972603	-0.440597226256544	-0.332818661688663	-0.00378302142457693	1
-0.382924922548026	-0.405823014241844	-0.468345298743563	-0.343300729740124	-0.022898091693818	1
-0.382924922548026	-0.396234400545775	-0.447667575952431	-0.344801225139119	-0.013309477997749	1
-0.382924922548026	-0.40997341068347	-0.491129424022834	-0.328817397344107	-0.0270484881354439	1
-0.382924922548026	-0.388484497192496	-0.440025107619714	-0.336943886765278	-0.00555957464446993	1
-0.382924922548026	-0.409944361412114	-0.472800990046141	-0.347087732778088	-0.0270194388640879	1
-0.382924922548026	-0.403816794010186	-0.458055290654613	-0.34957829736576	-0.0208918714621599	1
-0.382924922548026	-0.416548334470869	-0.470737448052842	-0.362359220888897	-0.0336234119228429	1
-0.382924922548026	-0.440159255602985	-0.493048647005777	-0.387269864200193	-0.057234333054959	1
-0.382924922548026	-0.455113923009674	-0.512927247863392	-0.397300598155956	-0.0721890004616479	1
-0.382924922548026	-0.403949634621777	-0.453494898227902	-0.354404371015652	-0.021024712073751	1
-0.382924922548026	-0.415127280665313	-0.483137817598239	-0.347116743732387	-0.0322023581172869	1
-0.382924922548026	-0.402461694093579	-0.459294150286078	-0.345629237901079	-0.0195367715455529	1
-0.382924922548026	-0.421297461881528	-0.474642157998467	-0.367952765764588	-0.0383725393335019	1
-0.382924922548026	-0.429343905829913	-0.482192606516768	-0.376495205143058	-0.0464189832818869	1
-0.382924922548026	-0.382409053610588	-0.436322101994783	-0.328496005226392	0.000515868937438047	1
-0.382924922548026	-0.419518108916734	-0.497867923032231	-0.341168294801237	-0.036593186368708	1
-0.382924922548026	-0.439686486304682	-0.507600147973967	-0.371772824635398	-0.0567615637566559	1
-0.382924922548026	-0.345316605885453	-0.399367288612689	-0.291265923158217	0.0376083166625731	1
-0.382924922548026	-0.409671723036925	-0.465633545010646	-0.353709901063205	-0.0267468004888989	1
-0.382924922548026	-0.406324211064163	-0.484533251321098	-0.328115170807228	-0.0233992885161369	1
-0.382924922548026	-0.409554835013172	-0.463420297647443	-0.355689372378901	-0.026629912465146	1
-0.382924922548026	-0.406369304868542	-0.457763455546409	-0.354975154190675	-0.0234443823205159	1
-0.382924922548026	-0.41977804174373	-0.475169455716137	-0.364386627771324	-0.0368531191957039	1
-0.382924922548026	-0.406006351625224	-0.462230279595024	-0.349782423655424	-0.023081429077198	1
-0.382924922548026	-0.449250478096279	-0.50386486974444	-0.394636086448117	-0.0663255555482529	1
-0.382924922548026	-0.377756243366457	-0.429368896467749	-0.326143590265165	0.00516867918156905	1
-0.382924922548026	-0.435236165872612	-0.505179247903085	-0.365293083842138	-0.0523112433245859	1
-0.382924922548026	-0.406925530238561	-0.462406864562485	-0.351444195914637	-0.0240006076905349	1
-0.382924922548026	-0.385025518306824	-0.442887556209693	-0.327163480403956	-0.00210059575879795	1
-0.382924922548026	-0.414477176029193	-0.474453266426942	-0.354501085631445	-0.0315522534811669	1
-0.382924922548026	-0.390926762890661	-0.445642540995261	-0.33621098478606	-0.0080018403426349	1
-0.382924922548026	-0.398756306070855	-0.451270287187462	-0.346242324954248	-0.0158313835228289	1
-0.382924922548026	-0.430089987566826	-0.486903730166478	-0.373276244967174	-0.0471650650187999	1
-0.382924922548026	-0.439921878223881	-0.520631404799688	-0.359212351648075	-0.0569969556758549	1
-0.382924922548026	-0.3939624542304	-0.446395894180457	-0.341529014280342	-0.0110375316823739	1
-0.382924922548026	-0.37690373509042	-0.42963903458551	-0.32416843559533	0.00602118745760605	1
-0.382924922548026	-0.315038575599656	-0.36705205825126	-0.263025092948052	0.0678863469483701	1
-0.382924922548026	-0.452353027684563	-0.510650103163979	-0.394055952205148	-0.0694281051365369	1
-0.382924922548026	-0.377521726195473	-0.434090764703844	-0.320952687687101	0.0054031963525531	1
-0.382924922548026	-0.435410062669382	-0.494839632915833	-0.37598049242293	-0.0524851401213559	1
-0.382924922548026	-0.338381110332751	-0.406992616770057	-0.269769603895444	0.0445438122152751	1
-0.382924922548026	-0.41069735677553	-0.469630508048325	-0.351764205502735	-0.0277724342275039	1
-0.382924922548026	-0.430898427539348	-0.490268317735032	-0.371528537343664	-0.0479735049913219	1
-0.382924922548026	-0.39667711807615	-0.45062342657016	-0.34273080958214	-0.013752195528124	1
-0.382924922548026	-0.372820172937945	-0.428561568311877	-0.317078777564013	0.0101047496100811	1
-0.382924922548026	-0.431778213842189	-0.482889519207607	-0.380666908476772	-0.0488532912941629	1
-0.382924922548026	-0.397108685019785	-0.458933721691192	-0.335283648348377	-0.014183762471759	1
-0.382924922548026	-0.378659403229957	-0.43162734106869	-0.325691465391223	0.00426551931806907	1
-0.382924922548026	-0.385829215391591	-0.439805645987065	-0.331852784796116	-0.00290429284356492	1
-0.382924922548026	-0.41303059789778	-0.468606588157626	-0.357454607637935	-0.0301056753497539	1
-0.382924922548026	-0.414689072716343	-0.474800507952306	-0.354577637480381	-0.0317641501683169	1
-0.382924922548026	-0.4117904665756	-0.462965717281342	-0.360615215869859	-0.0288655440275739	1
-0.382924922548026	-0.366564530475255	-0.434209324263449	-0.298919736687062	0.0163603920727711	1
-0.382924922548026	-0.343898863779458	-0.400757025157124	-0.287040702401792	0.0390260587685681	1
-0.382924922548026	-0.366006174575709	-0.420823817257425	-0.311188531893993	0.0169187479723171	1
-0.382924922548026	-0.406946929847496	-0.465523248654596	-0.348370611040396	-0.0240220072994699	1
-0.382924922548026	-0.397383598513672	-0.452600890158486	-0.342166306868858	-0.0144586759656459	1
-0.382924922548026	-0.430815663570066	-0.485003823083924	-0.376627504056209	-0.0478907410220399	1
-0.382924922548026	-0.396675244132828	-0.451567306844127	-0.341783181421528	-0.0137503215848019	1
-0.382924922548026	-0.40620609257451	-0.459128096510816	-0.353284088638205	-0.0232811700264839	1
-0.382924922548026	-0.419351980361466	-0.477600282165523	-0.36110367855741	-0.0364270578134399	1
-0.382924922548026	-0.430264198325147	-0.488301528724754	-0.372226867925541	-0.0473392757771209	1
-0.382924922548026	-0.358514852573081	-0.426565328681627	-0.290464376464536	0.024410069974945	1
-0.382924922548026	-0.390502859040144	-0.441454383483383	-0.339551334596904	-0.00757793649211791	1
-0.382924922548026	-0.441897471389491	-0.494872460406373	-0.38892248237261	-0.0589725488414649	1
-0.382924922548026	-0.406266938041652	-0.466697670412303	-0.345836205671001	-0.0233420154936259	1
-0.382924922548026	-0.41044255978305	-0.46355378396556	-0.357331335600539	-0.0275176372350239	1
-0.382924922548026	-0.424120208017658	-0.48452054329624	-0.363719872739077	-0.0411952854696319	1
-0.382924922548026	-0.396806816678087	-0.460380872053186	-0.333232761302988	-0.0138818941300609	1
-0.382924922548026	-0.396771157364717	-0.453696273418744	-0.339846041310691	-0.0138462348166909	1
-0.382924922548026	-0.433137845612594	-0.492486011684492	-0.373789679540695	-0.0502129230645679	1
-0.382924922548026	-0.474965645355039	-0.530841911966456	-0.419089378743622	-0.0920407228070129	1
-0.382924922548026	-0.422128562050996	-0.48024233527162	-0.364014788830373	-0.03920363950297	1
-0.382924922548026	-0.459431947746244	-0.525260089440591	-0.393603806051897	-0.0765070251982179	1
-0.382924922548026	-0.384279054846242	-0.443150857218533	-0.325407252473951	-0.0013541322982159	1
-0.382924922548026	-0.404962483798994	-0.456895004369778	-0.35302996322821	-0.022037561250968	1
-0.382924922548026	-0.469348333703333	-0.537249778846296	-0.40144688856037	-0.0864234111553069	1
-0.382924922548026	-0.393223166527642	-0.451732722601232	-0.334713610454052	-0.0102982439796159	1
-0.382924922548026	-0.417139757015643	-0.471059409722237	-0.363220104309049	-0.0342148344676169	1
-0.382924922548026	-0.411255519329847	-0.46544805513257	-0.357062983527124	-0.0283305967818209	1
-0.382924922548026	-0.358371513214002	-0.409831433104832	-0.306911593323172	0.0245534093340241	1
-0.382924922548026	-0.377912093359735	-0.43152431412486	-0.32429987259461	0.00501282918829105	1
-0.382924922548026	-0.407279637571059	-0.460274056932362	-0.354285218209757	-0.0243547150230329	1
-0.382924922548026	-0.349374158468031	-0.402684122333473	-0.29606419460259	0.0335507640799951	1
-0.382924922548026	-0.39609722148464	-0.456740021685849	-0.335454421283432	-0.0131722989366139	1
-0.382924922548026	-0.379851839785319	-0.435543443349723	-0.324160236220915	0.00307308276270707	1
-0.382924922548026	-0.409017961042559	-0.463226512256061	-0.354809409829057	-0.0260930384945329	1
-0.382924922548026	-0.426781881522948	-0.481948136188484	-0.371615626857411	-0.0438569589749219	1
-0.382924922548026	-0.401656685119957	-0.457469679965382	-0.345843690274532	-0.0187317625719309	1
-0.382924922548026	-0.392824114123513	-0.453458435048848	-0.332189793198179	-0.00989919157548691	1
-0.382924922548026	-0.351400316566807	-0.400163512317861	-0.302637120815753	0.0315246059812191	1
-0.382924922548026	-0.398473381271386	-0.453124736771991	-0.343822025770782	-0.0155484587233599	1
-0.382924922548026	-0.389627342840698	-0.451581076570326	-0.32767360911107	-0.00670242029267193	1
-0.382924922548026	-0.373672827920162	-0.425202745465904	-0.32214291037442	0.00925209462786408	1
-0.382924922548026	-0.411024254751704	-0.472035488150105	-0.350013021353303	-0.0280993322036779	1
-0.382924922548026	-0.367165714554579	-0.424040422000908	-0.31029100710825	0.015759207993447	1
-0.382924922548026	-0.435550680744488	-0.49228278462079	-0.378818576868186	-0.0526257581964619	1
-0.382924922548026	-0.395947399603683	-0.449160601160934	-0.342734198046432	-0.013022477055657	1
-0.382924922548026	-0.429154779358182	-0.495709540643026	-0.362600018073339	-0.046229856810156	1
-0.382924922548026	-0.439443030551547	-0.505371409603627	-0.373514651499466	-0.0565181080035209	1
-0.382924922548026	-0.42231728560436	-0.472737123435153	-0.371897447773568	-0.0393923630563339	1
-0.382924922548026	-0.423154060250097	-0.498329600602359	-0.347978519897835	-0.0402291377020709	1
-0.382924922548026	-0.400184907101163	-0.452067581589288	-0.348302232613038	-0.0172599845531369	1
-0.382924922548026	-0.476812435307716	-0.533860770810318	-0.419764099805115	-0.0938875127596899	1
-0.382924922548026	-0.39194177584398	-0.448582138565771	-0.335301413122189	-0.00901685329595392	1
-0.382924922548026	-0.428832561465036	-0.495919000552949	-0.361746122377123	-0.0459076389170099	1
-0.382924922548026	-0.413773162804994	-0.463881981086259	-0.36366434452373	-0.0308482402569679	1
-0.382924922548026	-0.399710965054401	-0.463518664662688	-0.335903265446114	-0.0167860425063749	1
-0.382924922548026	-0.435385816550897	-0.497604287602563	-0.37316734549923	-0.0524608940028709	1
-0.382924922548026	-0.35078709031267	-0.412691941246998	-0.288882239378341	0.032137832235356	1
-0.382924922548026	-0.372565908181951	-0.421600741213003	-0.323531075150898	0.0103590143660751	1
-0.382924922548026	-0.391277839044122	-0.46313629763938	-0.319419380448864	-0.00835291649609593	1
-0.382924922548026	-0.374032582696134	-0.433392327086766	-0.314672838305503	0.00889233985189208	1
-0.382924922548026	-0.396126218577541	-0.44858162557058	-0.343670811584503	-0.0132012960295149	1
-0.382924922548026	-0.368511436819214	-0.419018617002898	-0.318004256635529	0.0144134857288121	1
-0.382924922548026	-0.403996292520972	-0.463020805373287	-0.344971779668658	-0.021071369972946	1
-0.382924922548026	-0.414540325754404	-0.473829688727574	-0.355250962781234	-0.031615403206378	1
-0.382924922548026	-0.496629215759286	-0.554271686826084	-0.438986744692489	-0.11370429321126	1
-0.382924922548026	-0.370789052968695	-0.425748087193247	-0.315830018744143	0.012135869579331	1
-0.382924922548026	-0.372566236765639	-0.425664742991047	-0.319467730540231	0.0103586857823871	1
-0.382924922548026	-0.461756273945282	-0.517909737806552	-0.405602810084011	-0.0788313513972559	1
-0.382924922548026	-0.388232913111017	-0.458119311697307	-0.318346514524728	-0.00530799056299092	1
-0.382924922548026	-0.40800746078652	-0.463353335878505	-0.352661585694534	-0.0250825382384939	1
-0.382924922548026	-0.353561352142955	-0.404225101976241	-0.302897602309669	0.0293635704050711	1
-0.382924922548026	-0.422891771753885	-0.48127726706527	-0.364506276442499	-0.0399668492058589	1
-0.382924922548026	-0.402959672483554	-0.457333455991472	-0.348585888975636	-0.020034749935528	1
-0.382924922548026	-0.410357127775841	-0.462363677125698	-0.358350578425984	-0.0274322052278149	1
-0.382924922548026	-0.404859525792831	-0.459840693947366	-0.349878357638296	-0.021934603244805	1
-0.382924922548026	-0.353508603630362	-0.41733045112878	-0.289686756131944	0.0294163189176641	1
-0.382924922548026	-0.408106878620568	-0.471842960407196	-0.344370796833939	-0.0251819560725419	1
-0.382924922548026	-0.364943625910244	-0.419389308980127	-0.310497942840361	0.0179812966377821	1
-0.382924922548026	-0.470367342330741	-0.546930440961087	-0.393804243700395	-0.0874424197827149	1
-0.382924922548026	-0.426844571792295	-0.479963838767084	-0.373725304817506	-0.0439196492442689	1
-0.382924922548026	-0.395294614818205	-0.45468177064657	-0.33590745898984	-0.0123696922701789	1
-0.382924922548026	-0.410828479276305	-0.465663628335074	-0.355993330217535	-0.0279035567282789	1
-0.382924922548026	-0.427550753293436	-0.482542442442511	-0.372559064144361	-0.0446258307454099	1
-0.382924922548026	-0.414399632797755	-0.467239312418268	-0.361559953177242	-0.0314747102497289	1
-0.382924922548026	-0.392183866614537	-0.458653992672334	-0.325713740556739	-0.00925894406651095	1
-0.382924922548026	-0.424125758937924	-0.488848663694627	-0.35940285418122	-0.0412008363898979	1
-0.382924922548026	-0.410918946272659	-0.462125566590496	-0.359712325954823	-0.0279940237246329	1
-0.382924922548026	-0.454064355071196	-0.50505978848989	-0.403068921652501	-0.07113943252317	1
-0.382924922548026	-0.428204630680448	-0.490443912852982	-0.365965348507914	-0.0452797081324219	1
-0.382924922548026	-0.365117215353306	-0.41644281789613	-0.313791612810483	0.0178077071947201	1
-0.382924922548026	-0.467401596827355	-0.537945440918626	-0.396857752736085	-0.0844766742793289	1
-0.382924922548026	-0.409377084234794	-0.470358643524422	-0.348395524945166	-0.0264521616867679	1
-0.382924922548026	-0.451731161577666	-0.523047949008884	-0.380414374146448	-0.0688062390296399	1
-0.382924922548026	-0.413746469201402	-0.473507710276826	-0.353985228125978	-0.0308215466533759	1
-0.382924922548026	-0.39718885205417	-0.451705429371184	-0.342672274737157	-0.0142639295061439	1
-0.382924922548026	-0.388048255774597	-0.448528840627567	-0.327567670921628	-0.00512333322657094	1
-0.382924922548026	-0.430036422470584	-0.483014589079264	-0.377058255861904	-0.0471114999225579	1
