"V1"	"V2"	"V3"	"V4"	"V5"	"V6"
-0.364102038264724	-0.31390111474652	-0.410304114175384	-0.217498115317656	0.0502009235182045	1
-0.364102038264724	-0.346663614494386	-0.466983471891526	-0.226343757097247	0.0174384237703385	1
-0.364102038264724	-0.522449168148703	-0.610968202362521	-0.433930133934884	-0.158347129883979	1
-0.364102038264724	-0.406215824233674	-0.502228881529459	-0.310202766937889	-0.0421137859689495	1
-0.364102038264724	-0.327249707908392	-0.431158194712395	-0.223341221104388	0.0368523303563325	1
-0.364102038264724	-0.359258471176055	-0.441024679555235	-0.277492262796875	0.00484356708866945	1
-0.364102038264724	-0.456174375666427	-0.542268927013825	-0.370079824319029	-0.0920723374017025	1
-0.364102038264724	-0.326888453061593	-0.447544841187215	-0.206232064935971	0.0372135852031315	1
-0.364102038264724	-0.368839386230304	-0.441268055857408	-0.296410716603201	-0.00473734796557951	1
-0.364102038264724	-0.323543098747962	-0.429154883046375	-0.217931314449551	0.0405589395167625	1
-0.364102038264724	-0.375147626297639	-0.45278121759777	-0.297514034997509	-0.0110455880329145	1
-0.364102038264724	-0.342513780718673	-0.43928606892061	-0.245741492516737	0.0215882575460515	1
-0.364102038264724	-0.390624821074748	-0.494306051853259	-0.286943590296238	-0.0265227828100235	1
-0.364102038264724	-0.355775870861005	-0.467277565040159	-0.24427417668185	0.0083261674037195	1
-0.364102038264724	-0.471352527583828	-0.558968340267867	-0.383736714899789	-0.107250489319104	1
-0.364102038264724	-0.403486378739722	-0.47603417432188	-0.330938583157563	-0.0393843404749975	1
-0.364102038264724	-0.405142898259166	-0.483952569981316	-0.326333226537016	-0.0410408599944415	1
-0.364102038264724	-0.402110997695548	-0.504233073925575	-0.29998892146552	-0.0380089594308235	1
-0.364102038264724	-0.397753084257445	-0.478656960173618	-0.316849208341271	-0.0336510459927205	1
-0.364102038264724	-0.388079252836646	-0.447592069422226	-0.328566436251066	-0.0239772145719215	1
-0.364102038264724	-0.369646496965023	-0.470077203217795	-0.269215790712252	-0.00554445870029852	1
-0.364102038264724	-0.428349666332416	-0.542886581982419	-0.313812750682413	-0.0642476280676915	1
-0.364102038264724	-0.340751110295326	-0.43783205151426	-0.243670169076393	0.0233509279693985	1
-0.364102038264724	-0.375041724460341	-0.442610709767601	-0.307472739153081	-0.0109396861956165	1
-0.364102038264724	-0.331082919052444	-0.428671524806974	-0.233494313297914	0.0330191192122805	1
-0.364102038264724	-0.380721266277019	-0.497618726468857	-0.263823806085181	-0.0166192280122945	1
-0.364102038264724	-0.307202015527153	-0.417221297489675	-0.197182733564631	0.0569000227375715	1
-0.364102038264724	-0.350874031855996	-0.441116501825545	-0.260631561886447	0.0132280064087285	1
-0.364102038264724	-0.39772098237898	-0.483302867426544	-0.312139097331417	-0.0336189441142555	1
-0.364102038264724	-0.413003233631614	-0.510256976482582	-0.315749490780646	-0.0489011953668895	1
-0.364102038264724	-0.334679464671537	-0.435045565201993	-0.234313364141081	0.0294225735931875	1
-0.364102038264724	-0.352516483737499	-0.445855650114972	-0.259177317360027	0.0115855545272255	1
-0.364102038264724	-0.454465508662981	-0.545332115071244	-0.363598902254717	-0.0903634703982565	1
-0.364102038264724	-0.352723694340389	-0.423903100893809	-0.28154428778697	0.0113783439243355	1
-0.364102038264724	-0.345211558197334	-0.444973426662895	-0.245449689731773	0.0188904800673905	1
-0.364102038264724	-0.341984240280878	-0.421417129015028	-0.262551351546729	0.0221177979838465	1
-0.364102038264724	-0.427637321629723	-0.529894633449055	-0.325380009810391	-0.0635352833649985	1
-0.364102038264724	-0.411124717898363	-0.509216672632264	-0.313032763164462	-0.0470226796336385	1
-0.364102038264724	-0.437062320130382	-0.535336173389821	-0.338788466870943	-0.0729602818656575	1
-0.364102038264724	-0.407119982791605	-0.50233344395184	-0.311906521631371	-0.0430179445268805	1
-0.364102038264724	-0.450753491655313	-0.535800740468828	-0.365706242841798	-0.0866514533905885	1
-0.364102038264724	-0.381180896298848	-0.454072011603243	-0.308289780994453	-0.0170788580341235	1
-0.364102038264724	-0.441810030824924	-0.541193314557057	-0.34242674709279	-0.0777079925601995	1
-0.364102038264724	-0.401368780067476	-0.490104402403276	-0.312633157731675	-0.0372667418027515	1
-0.364102038264724	-0.414956563257162	-0.501488306523607	-0.328424819990717	-0.0508545249924375	1
-0.364102038264724	-0.333194825587142	-0.42137089236992	-0.245018758804363	0.0309072126775825	1
-0.364102038264724	-0.414583674764282	-0.519390255761345	-0.309777093767219	-0.0504816364995575	1
-0.364102038264724	-0.410816545796175	-0.48026054116947	-0.341372550422879	-0.0467145075314505	1
-0.364102038264724	-0.385068664776407	-0.479416644421809	-0.290720685131006	-0.0209666265116825	1
-0.364102038264724	-0.32700443949864	-0.420173542180301	-0.233835336816979	0.0370975987660845	1
-0.364102038264724	-0.393411447637877	-0.48888261357826	-0.297940281697495	-0.0293094093731525	1
-0.364102038264724	-0.445826751889065	-0.513659048229378	-0.377994455548751	-0.0817247136243405	1
-0.364102038264724	-0.3606874788106	-0.454954250241111	-0.266420707380089	0.0034145594541245	1
-0.364102038264724	-0.456130595136268	-0.54895925285721	-0.363301937415326	-0.0920285568715435	1
-0.364102038264724	-0.381501842192435	-0.47350188019369	-0.289501804191181	-0.0173998039277105	1
-0.364102038264724	-0.40222118375912	-0.52047580269904	-0.283966564819199	-0.0381191454943955	1
-0.364102038264724	-0.436408958892781	-0.514386670081862	-0.3584312477037	-0.0723069206280565	1
-0.364102038264724	-0.418910946426049	-0.507975169377186	-0.329846723474911	-0.0548089081613245	1
-0.364102038264724	-0.356253404023154	-0.431402981645417	-0.281103826400891	0.00784863424157051	1
-0.364102038264724	-0.393277769093485	-0.47698713857118	-0.30956839961579	-0.0291757308287605	1
-0.364102038264724	-0.389045171392313	-0.506180464548204	-0.271909878236421	-0.0249431331275885	1
-0.364102038264724	-0.402450398845766	-0.486297412111433	-0.318603385580098	-0.0383483605810415	1
-0.364102038264724	-0.289782129313141	-0.389940516605141	-0.189623742021141	0.0743199089515835	1
-0.364102038264724	-0.363569603537232	-0.455854060776737	-0.271285146297728	0.000532434727492481	1
-0.364102038264724	-0.436893159585393	-0.499995326741959	-0.373790992428827	-0.0727911213206685	1
-0.364102038264724	-0.430731714211003	-0.487531806659011	-0.373931621762995	-0.0666296759462785	1
-0.364102038264724	-0.403137425235062	-0.507104494194868	-0.299170356275256	-0.0390353869703375	1
-0.364102038264724	-0.358217313388752	-0.460889391566204	-0.255545235211301	0.00588472487597247	1
-0.364102038264724	-0.411690715606191	-0.499786289203673	-0.323595142008709	-0.0475886773414665	1
-0.364102038264724	-0.462854989329447	-0.569504077462101	-0.356205901196793	-0.0987529510647225	1
-0.364102038264724	-0.407837928190512	-0.485263765057738	-0.330412091323285	-0.0437358899257875	1
-0.364102038264724	-0.427480234046439	-0.497566449780811	-0.357394018312068	-0.0633781957817145	1
-0.364102038264724	-0.407706136747322	-0.529963553986836	-0.285448719507809	-0.0436040984825975	1
-0.364102038264724	-0.337969701157985	-0.443266634710904	-0.232672767605066	0.0261323371067395	1
-0.364102038264724	-0.360396217025846	-0.450935378860098	-0.269857055191595	0.00370582123887847	1
-0.364102038264724	-0.391801115773923	-0.476161715939244	-0.307440515608602	-0.0276990775091985	1
-0.364102038264724	-0.29791322181907	-0.432316503706879	-0.16350993993126	0.0661888164456545	1
-0.364102038264724	-0.381060097815134	-0.462928938778205	-0.299191256852063	-0.0169580595504095	1
-0.364102038264724	-0.377608980935289	-0.488902901846363	-0.266315060024216	-0.0135069426705645	1
-0.364102038264724	-0.43979418913578	-0.548947834104348	-0.330640544167212	-0.0756921508710555	1
-0.364102038264724	-0.375964652305106	-0.484393212210268	-0.267536092399944	-0.0118626140403815	1
-0.364102038264724	-0.396415612792652	-0.481028364124652	-0.311802861460651	-0.0323135745279275	1
-0.364102038264724	-0.416251454359291	-0.492458949041324	-0.340043959677258	-0.0521494160945665	1
-0.364102038264724	-0.333942215612608	-0.442000273163454	-0.225884158061762	0.0301598226521165	1
-0.364102038264724	-0.366410417376561	-0.465817694065874	-0.267003140687247	-0.00230837911183651	1
-0.364102038264724	-0.378997230102748	-0.487581449920728	-0.270413010284768	-0.0148951918380235	1
-0.364102038264724	-0.33466794459804	-0.439816029609847	-0.229519859586233	0.0294340936666845	1
-0.364102038264724	-0.398528186553045	-0.497485705896288	-0.299570667209802	-0.0344261482883205	1
-0.364102038264724	-0.422455635026746	-0.501406921689996	-0.343504348363495	-0.0583535967620215	1
-0.364102038264724	-0.367292571648258	-0.457412183795995	-0.277172959500521	-0.00319053338353353	1
-0.364102038264724	-0.317503080030703	-0.403370729537529	-0.231635430523878	0.0465989582340215	1
-0.364102038264724	-0.43648540718299	-0.528704305008075	-0.344266509357904	-0.0723833689182655	1
-0.364102038264724	-0.327720980486037	-0.424037906951702	-0.231404054020373	0.0363810577786875	1
-0.364102038264724	-0.397426832805934	-0.491720168430112	-0.303133497181757	-0.0333247945412095	1
-0.364102038264724	-0.372828680780292	-0.444787515842721	-0.300869845717863	-0.00872664251556754	1
-0.364102038264724	-0.449851636054704	-0.533839816875779	-0.36586345523363	-0.0857495977899795	1
-0.364102038264724	-0.425994339444685	-0.524519825745589	-0.32746885314378	-0.0618923011799605	1
-0.364102038264724	-0.308356099527794	-0.413742048270313	-0.202970150785275	0.0557459387369305	1
-0.364102038264724	-0.428892628883724	-0.510813429867236	-0.346971827900212	-0.0647905906189995	1
-0.364102038264724	-0.451311081579353	-0.539576728017383	-0.363045435141324	-0.0872090433146285	1
-0.364102038264724	-0.364574055463892	-0.466138224994448	-0.263009885933336	-0.000472017199167507	1
-0.364102038264724	-0.450248839533011	-0.546196468597157	-0.354301210468865	-0.0861468012682865	1
-0.364102038264724	-0.355631983404158	-0.450179939831706	-0.26108402697661	0.00847005486056646	1
-0.364102038264724	-0.420676689446089	-0.504397302211055	-0.336956076681123	-0.0565746511813645	1
-0.364102038264724	-0.47467482625379	-0.551884467820782	-0.397465184686797	-0.110572787989066	1
-0.364102038264724	-0.30832189147692	-0.406671387944442	-0.209972395009398	0.0557801467878045	1
-0.364102038264724	-0.365432618089249	-0.463090412531522	-0.267774823646975	-0.0013305798245245	1
-0.364102038264724	-0.336825921873758	-0.434106231994789	-0.239545611752728	0.0272761163909665	1
-0.364102038264724	-0.356113524957681	-0.470772030317941	-0.241455019597422	0.00798851330704348	1
-0.364102038264724	-0.427483944887719	-0.529595347842044	-0.325372541933394	-0.0633819066229945	1
-0.364102038264724	-0.417925206070647	-0.518507521067628	-0.317342891073667	-0.0538231678059225	1
-0.364102038264724	-0.459261519648105	-0.517921197972511	-0.400601841323699	-0.0951594813833805	1
-0.364102038264724	-0.295409462079441	-0.384767836151311	-0.20605108800757	0.0686925761852835	1
-0.364102038264724	-0.41028178768225	-0.510597265031105	-0.309966310333396	-0.0461797494175255	1
-0.364102038264724	-0.367669371930814	-0.454215407917162	-0.281123335944466	-0.00356733366608952	1
-0.364102038264724	-0.321348447069631	-0.439737179057464	-0.202959715081797	0.0427535911950935	1
-0.364102038264724	-0.398478808317656	-0.477691992622966	-0.319265624012345	-0.0343767700529315	1
-0.364102038264724	-0.424832237535332	-0.492458504922638	-0.357205970148025	-0.0607301992706075	1
-0.364102038264724	-0.416582726741944	-0.513619427090568	-0.319546026393319	-0.0524806884772195	1
-0.364102038264724	-0.316615572169976	-0.418292463991615	-0.214938680348336	0.0474864660947485	1
-0.364102038264724	-0.485656361151421	-0.568115774260433	-0.403196948042409	-0.121554322886697	1
-0.364102038264724	-0.440938461036535	-0.522622986359842	-0.359253935713227	-0.0768364227718105	1
-0.364102038264724	-0.382524310514082	-0.459277458528508	-0.305771162499655	-0.0184222722493575	1
-0.364102038264724	-0.350591596225908	-0.455164520703334	-0.246018671748483	0.0135104420388165	1
-0.364102038264724	-0.363659027757798	-0.469427698995579	-0.257890356520017	0.000443010506926467	1
-0.364102038264724	-0.443333298544235	-0.53468080102382	-0.35198579606465	-0.0792312602795105	1
-0.364102038264724	-0.328865172410638	-0.432016664509388	-0.225713680311887	0.0352368658540865	1
-0.364102038264724	-0.379842383336512	-0.48810256127071	-0.271582205402314	-0.0157403450717875	1
-0.364102038264724	-0.425700237231314	-0.517806252468032	-0.333594221994596	-0.0615981989665895	1
-0.364102038264724	-0.410411914700745	-0.509685595613055	-0.311138233788434	-0.0463098764360205	1
-0.364102038264724	-0.463886832642134	-0.554076282113638	-0.37369738317063	-0.0997847943774095	1
-0.364102038264724	-0.386914019450891	-0.475541009173961	-0.298287029727821	-0.0228119811861665	1
-0.364102038264724	-0.367418732863668	-0.447348823290542	-0.287488642436794	-0.00331669459894351	1
-0.364102038264724	-0.296502234306797	-0.41420907031077	-0.178795398302825	0.0675998039579275	1
-0.364102038264724	-0.295022344356086	-0.388370627012874	-0.201674061699297	0.0690796939086385	1
-0.364102038264724	-0.34882821160074	-0.437848734966631	-0.259807688234849	0.0152738266639845	1
-0.364102038264724	-0.419768769729849	-0.528820338417709	-0.310717201041988	-0.0556667314651245	1
-0.364102038264724	-0.380216935571025	-0.459055047466617	-0.301378823675434	-0.0161148973063005	1
-0.364102038264724	-0.453951957951606	-0.54354417486374	-0.364359741039471	-0.0898499196868815	1
-0.364102038264724	-0.45613367575363	-0.547510116481965	-0.364757235025295	-0.0920316374889055	1
-0.364102038264724	-0.448595284861814	-0.559402011764512	-0.337788557959115	-0.0844932465970895	1
-0.364102038264724	-0.461093315789019	-0.544991991987638	-0.3771946395904	-0.0969912775242945	1
-0.364102038264724	-0.324982557697138	-0.438325041138274	-0.211640074256001	0.0391194805675865	1
-0.364102038264724	-0.385366071603463	-0.475706758907123	-0.295025384299803	-0.0212640333387385	1
-0.364102038264724	-0.402090189334058	-0.491503752228375	-0.312676626439742	-0.0379881510693335	1
-0.364102038264724	-0.396682067459529	-0.460615532445161	-0.332748602473898	-0.0325800291948045	1
-0.364102038264724	-0.411344790737274	-0.482796099649618	-0.33989348182493	-0.0472427524725495	1
-0.364102038264724	-0.39503358513101	-0.462456447666432	-0.327610722595588	-0.0309315468662855	1
-0.364102038264724	-0.428386982347694	-0.512387197270645	-0.344386767424743	-0.0642849440829695	1
-0.364102038264724	-0.339672356718952	-0.42724278727178	-0.252101926166123	0.0244296815457725	1
-0.364102038264724	-0.383839851249093	-0.463062323676744	-0.304617378821442	-0.0197378129843685	1
-0.364102038264724	-0.389586212331584	-0.48973073927745	-0.289441685385717	-0.0254841740668595	1
-0.364102038264724	-0.391182972742237	-0.48445975234966	-0.297906193134814	-0.0270809344775125	1
-0.364102038264724	-0.363595689233025	-0.462385090409982	-0.264806288056069	0.000506349031699493	1
-0.364102038264724	-0.393602445877454	-0.51105360426212	-0.276151287492788	-0.0295004076127295	1
-0.364102038264724	-0.388536985190692	-0.50107657010024	-0.275997400281144	-0.0244349469259675	1
-0.364102038264724	-0.354326712587372	-0.458700417084753	-0.249953008089991	0.00977532567735251	1
-0.364102038264724	-0.332129503708349	-0.44189370812415	-0.222365299292548	0.0319725345563755	1
-0.364102038264724	-0.436966636808493	-0.523975918804148	-0.349957354812838	-0.0728645985437685	1
-0.364102038264724	-0.372848865536024	-0.461877964657247	-0.283819766414802	-0.0087468272712995	1
-0.364102038264724	-0.326106073491371	-0.444209957034497	-0.208002189948246	0.0379959647733535	1
-0.364102038264724	-0.420332722766656	-0.502520016029599	-0.338145429503714	-0.0562306845019315	1
-0.364102038264724	-0.392710207686996	-0.495870763525155	-0.289549651848838	-0.0286081694222715	1
-0.364102038264724	-0.382712517116953	-0.496746798433656	-0.268678235800251	-0.0186104788522285	1
-0.364102038264724	-0.389332558010463	-0.492396814102492	-0.286268301918433	-0.0252305197457385	1
-0.364102038264724	-0.372780162404908	-0.478773109127378	-0.266787215682438	-0.00867812414018354	1
-0.364102038264724	-0.414050286150217	-0.501323077375007	-0.326777494925427	-0.0499482478854925	1
-0.364102038264724	-0.429724734794719	-0.515106189578292	-0.344343280011147	-0.0656226965299945	1
-0.364102038264724	-0.311501835718509	-0.438942049875696	-0.184061621561321	0.0526002025462155	1
-0.364102038264724	-0.411792663758592	-0.490268968981879	-0.333316358535305	-0.0476906254938675	1
-0.364102038264724	-0.353400918541453	-0.438699595376705	-0.268102241706201	0.0107011197232715	1
-0.364102038264724	-0.434790370412458	-0.532814141701397	-0.336766599123518	-0.0706883321477335	1
-0.364102038264724	-0.436995139766383	-0.512252979078999	-0.361737300453768	-0.0728931015016585	1
-0.364102038264724	-0.406123833640824	-0.497486860514401	-0.314760806767247	-0.0420217953760995	1
-0.364102038264724	-0.434908674909665	-0.509362040814142	-0.360455309005189	-0.0708066366449405	1
-0.364102038264724	-0.437099161010703	-0.511366807944343	-0.362831514077063	-0.0729971227459785	1
-0.364102038264724	-0.305481056923405	-0.404409279130801	-0.20655283471601	0.0586209813413195	1
-0.364102038264724	-0.442343979100423	-0.505209109180119	-0.379478849020726	-0.0782419408356985	1
-0.364102038264724	-0.33046796263402	-0.392050931727097	-0.268884993540943	0.0336340756307045	1
-0.364102038264724	-0.273059045539836	-0.370640228909702	-0.175477862169971	0.0910429927248885	1
-0.364102038264724	-0.391682634726678	-0.47130018542182	-0.312065084031536	-0.0275805964619535	1
-0.364102038264724	-0.39834500994781	-0.475040352713159	-0.32164966718246	-0.0342429716830855	1
-0.364102038264724	-0.41501943847032	-0.510391201293027	-0.319647675647613	-0.0509174002055955	1
-0.364102038264724	-0.32550978639294	-0.434757955097794	-0.216261617688086	0.0385922518717845	1
-0.364102038264724	-0.392651710039102	-0.510299034092234	-0.275004385985971	-0.0285496717743775	1
-0.364102038264724	-0.42815278126624	-0.508575931657584	-0.347729630874895	-0.0640507430015155	1
-0.364102038264724	-0.368380840839612	-0.471575973016918	-0.265185708662306	-0.0042788025748875	1
-0.364102038264724	-0.384432104405429	-0.480434684374004	-0.288429524436854	-0.0203300661407045	1
-0.364102038264724	-0.415224860230192	-0.528736799383709	-0.301712921076676	-0.0511228219654675	1
-0.364102038264724	-0.467339121626218	-0.554551668514659	-0.380126574737776	-0.103237083361494	1
-0.364102038264724	-0.373980618848272	-0.466266889147495	-0.281694348549049	-0.00987858058354751	1
-0.364102038264724	-0.361450199545945	-0.446648302385438	-0.276252096706452	0.0026518387187795	1
-0.364102038264724	-0.447790265901362	-0.560287881702235	-0.335292650100489	-0.0836882276366375	1
-0.364102038264724	-0.386061083698224	-0.489692303889043	-0.282429863507405	-0.0219590454334995	1
-0.364102038264724	-0.291513386160333	-0.376765613559507	-0.20626115876116	0.0725886521043915	1
-0.364102038264724	-0.340823717194633	-0.423398455654757	-0.258248978734509	0.0232783210700915	1
-0.364102038264724	-0.445294756312443	-0.533411649601001	-0.357177863023884	-0.0811927180477185	1
-0.364102038264724	-0.372896104444775	-0.467537572786289	-0.27825463610326	-0.00879406618005052	1
-0.364102038264724	-0.413404343056903	-0.501354871459367	-0.325453814654439	-0.0493023047921785	1
-0.364102038264724	-0.375450770545127	-0.467259599278498	-0.283641941811757	-0.0113487322804025	1
-0.364102038264724	-0.423166724139733	-0.517660950454277	-0.32867249782519	-0.0590646858750085	1
-0.364102038264724	-0.410039843423563	-0.493786793638636	-0.32629289320849	-0.0459378051588385	1
-0.364102038264724	-0.367804562655105	-0.465760848276952	-0.269848277033257	-0.00370252439038055	1
-0.364102038264724	-0.367157971742249	-0.464797355895672	-0.269518587588827	-0.00305593347752453	1
-0.364102038264724	-0.397532643399407	-0.48299732402338	-0.312067962775434	-0.0334306051346825	1
-0.364102038264724	-0.319476210461909	-0.395934655531201	-0.243017765392617	0.0446258278028155	1
-0.364102038264724	-0.396481832313592	-0.479676470729615	-0.313287193897569	-0.0323797940488675	1
-0.364102038264724	-0.399334128571007	-0.499225928283351	-0.299442328858663	-0.0352320903062825	1
-0.364102038264724	-0.318508701797465	-0.407476960403547	-0.229540443191384	0.0455933364672595	1
-0.364102038264724	-0.317316049745481	-0.398633568369706	-0.235998531121257	0.0467859885192435	1
-0.364102038264724	-0.333725309124293	-0.413701833964996	-0.25374878428359	0.0303767291404315	1
-0.364102038264724	-0.461808798680861	-0.560528733594572	-0.36308886376715	-0.0977067604161365	1
-0.364102038264724	-0.456791518536349	-0.558763250766295	-0.354819786306403	-0.0926894802716245	1
-0.364102038264724	-0.403873387296168	-0.490241173162301	-0.317505601430035	-0.0397713490314435	1
-0.364102038264724	-0.352026227713019	-0.479703436280084	-0.224349019145954	0.0120758105517055	1
-0.364102038264724	-0.382350276164757	-0.462440495411096	-0.302260056918418	-0.0182482379000325	1
-0.364102038264724	-0.355162298584462	-0.437080448572837	-0.273244148596087	0.00893973968026246	1
-0.364102038264724	-0.32631802045361	-0.444598427764197	-0.208037613143024	0.0377840178111145	1
-0.364102038264724	-0.405980615609832	-0.482941415347251	-0.329019815872412	-0.0418785773451075	1
-0.364102038264724	-0.358887279223296	-0.470431100256524	-0.247343458190068	0.00521475904142849	1
-0.364102038264724	-0.347599716839186	-0.431078109836751	-0.26412132384162	0.0165023214255385	1
-0.364102038264724	-0.285623946568527	-0.394447735495405	-0.176800157641648	0.0784780916961975	1
-0.364102038264724	-0.43595483489452	-0.532749180780745	-0.339160489008295	-0.0718527966297955	1
-0.364102038264724	-0.411522562787574	-0.499560159006871	-0.323484966568277	-0.0474205245228495	1
-0.364102038264724	-0.408554994165244	-0.522999438741633	-0.294110549588855	-0.0444529559005195	1
-0.364102038264724	-0.324632094497733	-0.421090364352354	-0.228173824643113	0.0394699437669915	1
-0.364102038264724	-0.407821622130448	-0.507377973236832	-0.308265271024064	-0.0437195838657235	1
-0.364102038264724	-0.454168721762728	-0.530917743715636	-0.377419699809819	-0.0900666834980035	1
-0.364102038264724	-0.511663539840742	-0.584518319693373	-0.438808759988111	-0.147561501576017	1
-0.364102038264724	-0.393718464348379	-0.487540671691854	-0.299896257004905	-0.0296164260836545	1
-0.364102038264724	-0.385213109256956	-0.483186401914713	-0.287239816599198	-0.0211110709922315	1
-0.364102038264724	-0.357007944400239	-0.44929198754276	-0.264723901257719	0.00709409386448551	1
-0.364102038264724	-0.381058682803419	-0.477351115339899	-0.284766250266938	-0.0169566445386945	1
-0.364102038264724	-0.425359270010817	-0.500029764440766	-0.350688775580868	-0.0612572317460925	1
-0.364102038264724	-0.353567740649926	-0.434674153235992	-0.272461328063859	0.0105342976147985	1
-0.364102038264724	-0.413108145207816	-0.516486830336623	-0.309729460079009	-0.0490061069430915	1
-0.364102038264724	-0.374561102186118	-0.483041123809506	-0.266081080562729	-0.0104590639213935	1
-0.364102038264724	-0.378732039815275	-0.502897606483431	-0.254566473147119	-0.0146300015505505	1
-0.364102038264724	-0.364150434103287	-0.432611398547454	-0.29568946965912	-4.83958385625316e-05	1
-0.364102038264724	-0.322513825509436	-0.43225675068126	-0.212770900337612	0.0415882127552885	1
-0.364102038264724	-0.307361288313762	-0.391028527382735	-0.223694049244788	0.0567407499509625	1
-0.364102038264724	-0.347140342080631	-0.437510244576274	-0.256770439584988	0.0169616961840935	1
-0.364102038264724	-0.428448338415942	-0.517101142821607	-0.339795534010276	-0.0643463001512175	1
-0.364102038264724	-0.424727615098598	-0.506902132344816	-0.34255309785238	-0.0606255768338735	1
-0.364102038264724	-0.353238487108121	-0.43483288627241	-0.271644087943832	0.0108635511566035	1
-0.364102038264724	-0.454747742224067	-0.548656470790781	-0.360839013657352	-0.0906457039593425	1
-0.364102038264724	-0.383835449494479	-0.466885505674046	-0.300785393314912	-0.0197334112297545	1
-0.364102038264724	-0.336690920553905	-0.415164670449765	-0.258217170658045	0.0274111177108195	1
-0.364102038264724	-0.403840544456829	-0.492585393278447	-0.315095695635211	-0.0397385061921045	1
-0.364102038264724	-0.331492961071779	-0.455750255934021	-0.207235666209537	0.0326090771929455	1
-0.364102038264724	-0.378757118759849	-0.479630909189358	-0.277883328330341	-0.0146550804951245	1
-0.364102038264724	-0.493331421627405	-0.558408915117293	-0.428253928137516	-0.129229383362681	1
-0.364102038264724	-0.395819375856744	-0.523878436432664	-0.267760315280824	-0.0317173375920195	1
-0.364102038264724	-0.463164358429929	-0.562413834348015	-0.363914882511843	-0.0990623201652045	1
-0.364102038264724	-0.42178003999165	-0.502785177201337	-0.340774902781964	-0.0576780017269255	1
-0.364102038264724	-0.39581326407509	-0.468398190710887	-0.323228337439292	-0.0317112258103655	1
-0.364102038264724	-0.363753410042762	-0.444561480085099	-0.282945340000425	0.000348628221962466	1
-0.364102038264724	-0.490303845335047	-0.559396730382713	-0.421210960287382	-0.126201807070323	1
-0.364102038264724	-0.348968885021547	-0.442186361266553	-0.255751408776542	0.0151331532431775	1
-0.364102038264724	-0.362036630860597	-0.477716713311083	-0.24635654841011	0.00206540740412747	1
-0.364102038264724	-0.428722055669654	-0.510945944590478	-0.34649816674883	-0.0646200174049295	1
-0.364102038264724	-0.406248808212708	-0.494917908740737	-0.31757970768468	-0.0421467699479835	1
-0.364102038264724	-0.361886885973443	-0.44882761503616	-0.274946156910726	0.0022151522912815	1
-0.364102038264724	-0.354158223263072	-0.45355583113596	-0.254760615390184	0.00994381500165248	1
-0.364102038264724	-0.250658769326741	-0.315254356513113	-0.18606318214037	0.113443268937983	1
-0.364102038264724	-0.43896645122572	-0.525187250936308	-0.352745651515132	-0.0748644129609955	1
-0.364102038264724	-0.398769665669181	-0.50491286320069	-0.292626468137673	-0.0346676274044565	1
-0.364102038264724	-0.443623206028255	-0.519471350263379	-0.367775061793131	-0.0795211677635305	1
-0.364102038264724	-0.420480248268962	-0.508535925842779	-0.332424570695146	-0.0563782100042375	1
-0.364102038264724	-0.365881733177397	-0.464299956754883	-0.26746350959991	-0.00177969491267249	1
-0.364102038264724	-0.37440901727499	-0.451065328962273	-0.297752705587707	-0.0103069790102655	1
-0.364102038264724	-0.391998677732826	-0.477779078056194	-0.306218277409459	-0.0278966394681015	1
-0.364102038264724	-0.374726608590098	-0.48405693658306	-0.265396280597136	-0.0106245703253735	1
-0.364102038264724	-0.320385784792284	-0.443533510699604	-0.197238058884964	0.0437162534724405	1
-0.364102038264724	-0.310965614375314	-0.401472491079822	-0.220458737670805	0.0531364238894105	1
-0.364102038264724	-0.399245171658246	-0.476247606079918	-0.322242737236575	-0.0351431333935215	1
-0.364102038264724	-0.411249496930602	-0.471761834458016	-0.350737159403188	-0.0471474586658775	1
-0.364102038264724	-0.372758006537113	-0.454089337979662	-0.291426675094565	-0.00865596827238851	1
-0.364102038264724	-0.306414519713741	-0.386980591628378	-0.225848447799105	0.0576875185509835	1
-0.364102038264724	-0.326195489168115	-0.392391800749609	-0.259999177586622	0.0379065490966095	1
-0.364102038264724	-0.353293573482961	-0.435203802854813	-0.27138334411111	0.0108084647817635	1
-0.364102038264724	-0.404660248276196	-0.480964506571337	-0.328355989981056	-0.0405582100114715	1
-0.364102038264724	-0.41613223133231	-0.500347432821247	-0.331917029843373	-0.0520301930675855	1
-0.364102038264724	-0.438137580893737	-0.523354412347554	-0.35292074943992	-0.0740355426290125	1
-0.364102038264724	-0.303665438945467	-0.403944334299262	-0.203386543591671	0.0604365993192575	1
-0.364102038264724	-0.367099451783381	-0.454839666620416	-0.279359236946346	-0.00299741351865651	1
-0.364102038264724	-0.437732429587625	-0.524198323761971	-0.351266535413278	-0.0736303913229005	1
-0.364102038264724	-0.384264190947111	-0.491794037699161	-0.276734344195061	-0.0201621526823865	1
-0.364102038264724	-0.400371969686445	-0.496326114160612	-0.304417825212278	-0.0362699314217205	1
-0.364102038264724	-0.315201718833476	-0.397556479933588	-0.232846957733365	0.0489003194312485	1
-0.364102038264724	-0.422236668463235	-0.515857226338798	-0.328616110587672	-0.0581346301985105	1
-0.364102038264724	-0.353114914927976	-0.442676331239227	-0.263553498616724	0.0109871233367485	1
-0.364102038264724	-0.365423742230833	-0.447962216295865	-0.282885268165801	-0.00132170396610853	1
-0.364102038264724	-0.436812137485622	-0.530526331559876	-0.343097943411369	-0.0727100992208975	1
-0.364102038264724	-0.492833434418872	-0.594966822747476	-0.390700046090268	-0.128731396154148	1
-0.364102038264724	-0.390822968773263	-0.48537638271582	-0.296269554830706	-0.0267209305085385	1
-0.364102038264724	-0.443562513421764	-0.52907800067912	-0.358047026164409	-0.0794604751570395	1
-0.364102038264724	-0.357842261357514	-0.431401343522671	-0.284283179192358	0.00625977690721047	1
-0.364102038264724	-0.369018069749818	-0.464494265152542	-0.273541874347095	-0.00491603148509351	1
-0.364102038264724	-0.354386931220758	-0.440012393123331	-0.268761469318186	0.0097151070439665	1
-0.364102038264724	-0.368052750937156	-0.470394119469498	-0.265711382404813	-0.00395071267243152	1
-0.364102038264724	-0.356905276847186	-0.454808090096158	-0.259002463598214	0.0071967614175385	1
-0.364102038264724	-0.402113245375134	-0.484497781341596	-0.319728709408673	-0.0380112071104095	1
-0.364102038264724	-0.379482399613102	-0.476211453613277	-0.282753345612928	-0.0153803613483775	1
-0.364102038264724	-0.385565637005957	-0.468019273528616	-0.303112000483298	-0.0214635987412325	1
-0.364102038264724	-0.37896762852633	-0.495649033936817	-0.262286223115843	-0.0148655902616055	1
-0.364102038264724	-0.272982228842534	-0.333224027518926	-0.212740430166142	0.0911198094221905	1
-0.364102038264724	-0.374184984418902	-0.47899583442385	-0.269374134413954	-0.0100829461541775	1
-0.364102038264724	-0.385241932701082	-0.48460318440424	-0.285880680997925	-0.0211398944363575	1
-0.364102038264724	-0.412183220700665	-0.517477346895676	-0.306889094505654	-0.0480811824359405	1
-0.364102038264724	-0.341680166236239	-0.427475794478238	-0.255884537994241	0.0224218720284855	1
-0.364102038264724	-0.405483211961033	-0.473302404726151	-0.337664019195915	-0.0413811736963085	1
-0.364102038264724	-0.422186549538785	-0.510291141800822	-0.334081957276748	-0.0580845112740605	1
-0.364102038264724	-0.415666033874631	-0.499791146139651	-0.331540921609612	-0.0515639956099065	1
-0.364102038264724	-0.411380304747314	-0.525537588457618	-0.297223021037009	-0.0472782664825895	1
-0.364102038264724	-0.434133281933121	-0.519502678482538	-0.348763885383704	-0.0700312436683965	1
-0.364102038264724	-0.430226060252857	-0.53171096027879	-0.328741160226924	-0.0661240219881325	1
-0.364102038264724	-0.389411382024276	-0.490582610599024	-0.288240153449529	-0.0253093437595515	1
-0.364102038264724	-0.360232002613076	-0.449519127012198	-0.270944878213953	0.00387003565164851	1
-0.364102038264724	-0.440390419793848	-0.550120692698013	-0.330660146889683	-0.0762883815291235	1
-0.364102038264724	-0.400912634133271	-0.48750197011886	-0.314323298147683	-0.0368105958685465	1
-0.364102038264724	-0.356790172234913	-0.44140928926229	-0.272171055207537	0.00731186602981149	1
-0.364102038264724	-0.427565448134549	-0.506187522895127	-0.348943373373972	-0.0634634098698245	1
-0.364102038264724	-0.312516170446119	-0.406630864729754	-0.218401476162485	0.0515858678186055	1
-0.364102038264724	-0.366465091422187	-0.468545169073965	-0.264385013770409	-0.00236305315746249	1
-0.364102038264724	-0.285872353691697	-0.404742398885134	-0.167002308498261	0.0782296845730275	1
-0.364102038264724	-0.385771134537635	-0.466700154583955	-0.304842114491315	-0.0216690962729105	1
-0.364102038264724	-0.345617140665505	-0.43752957923353	-0.253704702097479	0.0184848975992195	1
-0.364102038264724	-0.446572093573799	-0.558555752125798	-0.334588435021801	-0.0824700553090745	1
-0.364102038264724	-0.341453412292645	-0.424343988994953	-0.258562835590337	0.0226486259720795	1
-0.364102038264724	-0.359349302811699	-0.469814607512392	-0.248883998111006	0.00475273545302546	1
-0.364102038264724	-0.411183686939116	-0.518868998782286	-0.303498375095946	-0.0470816486743915	1
-0.364102038264724	-0.386187657975036	-0.456417088649696	-0.315958227300375	-0.0220856197103115	1
-0.364102038264724	-0.399303233635072	-0.493158111014982	-0.305448356255163	-0.0352011953703475	1
-0.364102038264724	-0.362275484910973	-0.450445046266298	-0.274105923555648	0.00182655335375148	1
-0.364102038264724	-0.366314488005767	-0.459845782564992	-0.272783193446543	-0.00221244974104251	1
-0.364102038264724	-0.374227166148212	-0.489439418404585	-0.259014913891839	-0.0101251278834875	1
-0.364102038264724	-0.353044452591738	-0.470440133152133	-0.235648772031343	0.0110575856729865	1
-0.364102038264724	-0.485314202211659	-0.570784630400964	-0.399843774022354	-0.121212163946935	1
-0.364102038264724	-0.368933787360227	-0.48509205235152	-0.252775522368935	-0.00483174909550249	1
-0.364102038264724	-0.326122579311567	-0.433027212645557	-0.219217945977577	0.0379794589531575	1
-0.364102038264724	-0.303673933638389	-0.415105561886719	-0.19224230539006	0.0604281046263355	1
-0.364102038264724	-0.36335503593788	-0.463175840196785	-0.263534231678976	0.000747002326844493	1
-0.364102038264724	-0.380673053224038	-0.472643776412256	-0.288702330035819	-0.0165710149593135	1
-0.364102038264724	-0.392254867043976	-0.474532229744097	-0.309977504343856	-0.0281528287792515	1
-0.364102038264724	-0.417962882776172	-0.496086406069351	-0.339839359482994	-0.0538608445114475	1
-0.364102038264724	-0.318247136555502	-0.380118943302547	-0.256375329808457	0.0458549017092225	1
-0.364102038264724	-0.399208195581619	-0.489823156120719	-0.30859323504252	-0.0351061573168945	1
-0.364102038264724	-0.412863463461698	-0.510988404669147	-0.31473852225425	-0.0487614251969735	1
-0.364102038264724	-0.356925193144261	-0.450011145158312	-0.26383924113021	0.00717684512046346	1
-0.364102038264724	-0.340459151403135	-0.440820276685631	-0.240098026120638	0.0236428868615895	1
-0.364102038264724	-0.422448434378473	-0.49311914982966	-0.351777718927286	-0.0583463961137485	1
-0.364102038264724	-0.343251169779947	-0.455479289956754	-0.23102304960314	0.0208508684847775	1
-0.364102038264724	-0.402045642629352	-0.512732000364956	-0.291359284893747	-0.0379436043646275	1
-0.364102038264724	-0.358741215900206	-0.465926363614102	-0.25155606818631	0.00536082236451846	1
-0.364102038264724	-0.349969659681237	-0.41815834113757	-0.281780978224905	0.0141323785834875	1
-0.364102038264724	-0.453506865532593	-0.543015891760284	-0.363997839304901	-0.0894048272678685	1
-0.364102038264724	-0.406434052457688	-0.499749665011012	-0.313118439904365	-0.0423320141929635	1
-0.364102038264724	-0.464707647714118	-0.559219296688272	-0.370195998739964	-0.100605609449394	1
-0.364102038264724	-0.428139460990541	-0.4928259738447	-0.363452948136382	-0.0640374227258165	1
-0.364102038264724	-0.327437970109723	-0.43832225652407	-0.216553683695377	0.0366640681550015	1
-0.364102038264724	-0.284333537501869	-0.388172228826704	-0.180494846177034	0.0797685007628555	1
-0.364102038264724	-0.400065516205074	-0.474477337257217	-0.32565369515293	-0.0359634779403495	1
-0.364102038264724	-0.447431686565478	-0.516632835046547	-0.378230538084409	-0.0833296483007535	1
-0.364102038264724	-0.325687494151016	-0.408086040962507	-0.243288947339526	0.0384145441137085	1
-0.364102038264724	-0.327948047552506	-0.436645208305748	-0.219250886799264	0.0361539907122185	1
-0.364102038264724	-0.427531210436876	-0.496818194745886	-0.358244226127866	-0.0634291721721515	1
-0.364102038264724	-0.355072937231528	-0.437163433835629	-0.272982440627427	0.00902910103319648	1
-0.364102038264724	-0.284088195555616	-0.383107456759763	-0.185068934351469	0.0800138427091085	1
-0.364102038264724	-0.309468173791704	-0.429483676691572	-0.189452670891837	0.0546338644730205	1
-0.364102038264724	-0.391064654523897	-0.499005800224441	-0.283123508823352	-0.0269626162591725	1
-0.364102038264724	-0.387878450857251	-0.460613356431291	-0.315143545283212	-0.0237764125925265	1
-0.364102038264724	-0.407105669941365	-0.486477846201085	-0.327733493681645	-0.0430036316766405	1
-0.364102038264724	-0.421357530115033	-0.527424064422936	-0.31529099580713	-0.0572554918503085	1
-0.364102038264724	-0.378660269296616	-0.485425509782081	-0.271895028811151	-0.0145582310318915	1
-0.364102038264724	-0.403615697296202	-0.489668755886065	-0.31756263870634	-0.0395136590314775	1
-0.364102038264724	-0.34052091212982	-0.431577744095817	-0.249464080163823	0.0235811261349045	1
-0.364102038264724	-0.471794331787796	-0.549072694776168	-0.394515968799425	-0.107692293523072	1
-0.364102038264724	-0.35202802052436	-0.43472014160397	-0.26933589944475	0.0120740177403645	1
-0.364102038264724	-0.375705057486168	-0.465952842395561	-0.285457272576775	-0.0116030192214435	1
-0.364102038264724	-0.428132890716916	-0.509019320645494	-0.347246460788338	-0.0640308524521915	1
-0.364102038264724	-0.397900867750433	-0.490628760847867	-0.305172974652999	-0.0337988294857085	1
-0.364102038264724	-0.4029355526654	-0.478807462210464	-0.327063643120335	-0.0388335144006755	1
-0.364102038264724	-0.38128539855246	-0.49112576555436	-0.271445031550559	-0.0171833602877355	1
-0.364102038264724	-0.402730682362419	-0.483864639434846	-0.321596725289991	-0.0386286440976945	1
-0.364102038264724	-0.370844208205062	-0.452100644335263	-0.289587772074862	-0.00674216994033749	1
-0.364102038264724	-0.346508072098303	-0.437238364004007	-0.255777780192599	0.0175939661664215	1
-0.364102038264724	-0.326326281093912	-0.433505333447394	-0.21914722874043	0.0377757571708125	1
-0.364102038264724	-0.279996354535237	-0.364006999061591	-0.195985710008883	0.0841056837294875	1
-0.364102038264724	-0.429232808548855	-0.503924802838403	-0.354540814259307	-0.0651307702841305	1
-0.364102038264724	-0.400064299938672	-0.501819999863613	-0.298308600013732	-0.0359622616739475	1
-0.364102038264724	-0.32887293240971	-0.425881748479919	-0.231864116339501	0.0352291058550145	1
-0.364102038264724	-0.394530702324505	-0.487232565694318	-0.301828838954692	-0.0304286640597805	1
-0.364102038264724	-0.343982477697612	-0.442935302004477	-0.245029653390747	0.0201195605671125	1
-0.364102038264724	-0.336792405644911	-0.420865603268106	-0.252719208021716	0.0273096326198135	1
-0.364102038264724	-0.458336386570871	-0.572665544963101	-0.344007228178642	-0.0942343483061465	1
-0.364102038264724	-0.462534734692754	-0.567595169609958	-0.35747429977555	-0.0984326964280295	1
-0.364102038264724	-0.477002211881034	-0.534359579862325	-0.419644843899743	-0.112900173616309	1
-0.364102038264724	-0.456494791632076	-0.562117273496259	-0.350872309767893	-0.0923927533673515	1
-0.364102038264724	-0.430435187129424	-0.518709571476776	-0.342160802782071	-0.0663331488646995	1
-0.364102038264724	-0.460078930859035	-0.544208310426915	-0.375949551291155	-0.0959768925943105	1
-0.364102038264724	-0.457184050186409	-0.543683949218216	-0.370684151154603	-0.0930820119216845	1
-0.364102038264724	-0.349610751726113	-0.47058750991976	-0.228633993532466	0.0144912865386115	1
-0.364102038264724	-0.337744432809715	-0.414713167920465	-0.260775697698965	0.0263576054550095	1
-0.364102038264724	-0.313213759485231	-0.406007824654369	-0.220419694316093	0.0508882787794935	1
-0.364102038264724	-0.437330739659353	-0.541203365145895	-0.333458114172811	-0.0732287013946285	1
-0.364102038264724	-0.380812969556775	-0.457317967654226	-0.304307971459323	-0.0167109312920505	1
-0.364102038264724	-0.38001915927969	-0.472525575573482	-0.287512742985898	-0.0159171210149655	1
-0.364102038264724	-0.391893816410596	-0.478247693926801	-0.30553993889439	-0.0277917781458715	1
-0.364102038264724	-0.433663834253454	-0.530349504187939	-0.336978164318968	-0.0695617959887295	1
-0.364102038264724	-0.37998625114295	-0.476110208153016	-0.283862294132883	-0.0158842128782255	1
-0.364102038264724	-0.325686970207045	-0.446636310311605	-0.204737630102484	0.0384150680576795	1
-0.364102038264724	-0.399973291577292	-0.488372863100257	-0.311573720054326	-0.0358712533125675	1
-0.364102038264724	-0.392545734542719	-0.470610806663215	-0.314480662422222	-0.0284436962779945	1
-0.364102038264724	-0.460794402973536	-0.549970545699195	-0.371618260247877	-0.0966923647088115	1
-0.364102038264724	-0.331551704488477	-0.426440772964762	-0.236662636012191	0.0325503337762475	1
-0.364102038264724	-0.50502139186219	-0.568158182660621	-0.441884601063758	-0.140919353597465	1
-0.364102038264724	-0.316080992970838	-0.399599266004484	-0.232562719937193	0.0480210452938865	1
-0.364102038264724	-0.353414631580842	-0.456602655220777	-0.250226607940907	0.0106874066838825	1
-0.364102038264724	-0.467770776629278	-0.542151453081596	-0.393390100176961	-0.103668738364554	1
-0.364102038264724	-0.427108484588745	-0.502085927196457	-0.352131041981034	-0.0630064463240205	1
-0.364102038264724	-0.374499502079205	-0.478103963862234	-0.270895040296175	-0.0103974638144805	1
-0.364102038264724	-0.401192934865899	-0.510998296077926	-0.291387573653872	-0.0370908966011745	1
-0.364102038264724	-0.409281494844661	-0.493972566312185	-0.324590423377137	-0.0451794565799365	1
-0.364102038264724	-0.399656812669922	-0.498677788481409	-0.300635836858435	-0.0355547744051975	1
-0.364102038264724	-0.436665765117915	-0.540894792521044	-0.332436737714785	-0.0725637268531905	1
-0.364102038264724	-0.418286749293704	-0.511522244281752	-0.325051254305655	-0.0541847110289795	1
-0.364102038264724	-0.340738774276523	-0.414346609228058	-0.267130939324989	0.0233632639882015	1
-0.364102038264724	-0.399006373326503	-0.478396444790363	-0.319616301862642	-0.0349043350617785	1
-0.364102038264724	-0.415458639640226	-0.522182481359189	-0.308734797921263	-0.0513566013755015	1
-0.364102038264724	-0.348654592610673	-0.419135322164543	-0.278173863056804	0.0154474456540515	1
-0.364102038264724	-0.443809029481011	-0.541406388928669	-0.346211670033352	-0.0797069912162865	1
-0.364102038264724	-0.423785285576079	-0.52601576941622	-0.321554801735939	-0.0596832473113545	1
-0.364102038264724	-0.345335498803884	-0.449354166234336	-0.241316831373432	0.0187665394608405	1
-0.364102038264724	-0.424492930731651	-0.508988775654408	-0.339997085808895	-0.0603908924669265	1
-0.364102038264724	-0.442983920353696	-0.527640767412792	-0.3583270732946	-0.0788818820889715	1
-0.364102038264724	-0.359523414331368	-0.463272305758518	-0.255774522904218	0.00457862393335651	1
-0.364102038264724	-0.389216695856652	-0.497462236781154	-0.28097115493215	-0.0251146575919275	1
-0.364102038264724	-0.418558323285662	-0.501200867086311	-0.335915779485013	-0.0544562850209375	1
-0.364102038264724	-0.373092124730397	-0.474259091439699	-0.271925158021094	-0.00899008646567251	1
-0.364102038264724	-0.455120328205228	-0.557518391934563	-0.352722264475894	-0.0910182899405035	1
-0.364102038264724	-0.403981884500282	-0.489785300633663	-0.3181784683669	-0.0398798462355575	1
-0.364102038264724	-0.404363043547264	-0.493304849707238	-0.31542123738729	-0.0402610052825395	1
-0.364102038264724	-0.40300922297916	-0.502795654929652	-0.303222791028667	-0.0389071847144355	1
-0.364102038264724	-0.359552557330273	-0.449712755564618	-0.269392359095928	0.00454948093445146	1
-0.364102038264724	-0.406797179704966	-0.497563729052033	-0.3160306303579	-0.0426951414402415	1
-0.364102038264724	-0.445000162391741	-0.529194912873178	-0.360805411910304	-0.0808981241270165	1
-0.364102038264724	-0.379673770718433	-0.452288125205135	-0.307059416231731	-0.0155717324537085	1
-0.364102038264724	-0.417196368045947	-0.510025923457844	-0.32436681263405	-0.0530943297812225	1
-0.364102038264724	-0.450527264656449	-0.554545772492751	-0.346508756820147	-0.0864252263917245	1
-0.364102038264724	-0.491624000734632	-0.552252800825256	-0.430995200644007	-0.127521962469908	1
-0.364102038264724	-0.368997383154292	-0.442360396221954	-0.29563437008663	-0.0048953448895675	1
-0.364102038264724	-0.433508676661758	-0.555954999883214	-0.311062353440301	-0.0694066383970335	1
-0.364102038264724	-0.345082199005154	-0.467269855553835	-0.222894542456473	0.0190198392595705	1
-0.364102038264724	-0.350098139743536	-0.442213738539028	-0.257982540948044	0.0140038985211885	1
-0.364102038264724	-0.402230380344991	-0.501141874754103	-0.303318885935878	-0.0381283420802665	1
-0.364102038264724	-0.436725552535906	-0.500942942870283	-0.372508162201529	-0.0726235142711815	1
-0.364102038264724	-0.376183434701653	-0.48138385579091	-0.270983013612396	-0.0120813964369285	1
-0.364102038264724	-0.406781628948061	-0.474964759614841	-0.33859849828128	-0.0426795906833365	1
-0.364102038264724	-0.33233312721792	-0.442302413598808	-0.222363840837031	0.0317689110468045	1
-0.364102038264724	-0.464693049273983	-0.546541315464776	-0.38284478308319	-0.100591011009259	1
-0.364102038264724	-0.325746956640332	-0.410647060671259	-0.240846852609404	0.0383550816243925	1
-0.364102038264724	-0.355062939395689	-0.450758498688436	-0.259367380102941	0.00903909886903548	1
-0.364102038264724	-0.367799270752345	-0.479661912875844	-0.255936628628845	-0.00369723248762049	1
-0.364102038264724	-0.421685250967108	-0.507200343365356	-0.33617015856886	-0.0575832127023835	1
-0.364102038264724	-0.496717822791353	-0.577461059493696	-0.415974586089009	-0.132615784526629	1
-0.364102038264724	-0.347281265730906	-0.455080792311188	-0.239481739150623	0.0168207725338185	1
-0.364102038264724	-0.436801213626531	-0.53396702152678	-0.339635405726281	-0.0726991753618065	1
-0.364102038264724	-0.336769634008111	-0.428374201714631	-0.24516506630159	0.0273324042566135	1
-0.364102038264724	-0.342846496492163	-0.459314420615538	-0.226378572368788	0.0212555417725615	1
-0.364102038264724	-0.40654523168674	-0.508858468270083	-0.304231995103398	-0.0424431934220155	1
-0.364102038264724	-0.368099952443035	-0.462906833853739	-0.27329307103233	-0.00399791417831052	1
-0.364102038264724	-0.345450440503121	-0.448862037668991	-0.242038843337252	0.0186515977616035	1
-0.364102038264724	-0.429778202223902	-0.501121450571267	-0.358434953876537	-0.0656761639591775	1
-0.364102038264724	-0.393135763912561	-0.483359766095954	-0.302911761729169	-0.0290337256478365	1
-0.364102038264724	-0.409275052073678	-0.494608983576281	-0.323941120571074	-0.0451730138089535	1
-0.364102038264724	-0.375742714024003	-0.451885098511071	-0.299600329536936	-0.0116406757592785	1
-0.364102038264724	-0.335573790004717	-0.423698262204214	-0.24744931780522	0.0285282482600075	1
-0.364102038264724	-0.329553950375237	-0.426286230150381	-0.232821670600094	0.0345480878894875	1
-0.364102038264724	-0.346986521676479	-0.427827994092006	-0.266145049260952	0.0171155165882455	1
-0.364102038264724	-0.363402799908884	-0.426442125898649	-0.300363473919118	0.000699238355840459	1
-0.364102038264724	-0.397213443682626	-0.503624277977622	-0.29080260938763	-0.0331114054179015	1
-0.364102038264724	-0.416156119155148	-0.50589861014707	-0.326413628163226	-0.0520540808904235	1
-0.364102038264724	-0.391755488860739	-0.486278119704979	-0.297232858016499	-0.0276534505960145	1
-0.364102038264724	-0.368785818155207	-0.444947527744342	-0.292624108566071	-0.00468377989048252	1
-0.364102038264724	-0.400754843625724	-0.461335779991461	-0.340173907259987	-0.0366528053609995	1
-0.364102038264724	-0.420190483713185	-0.507250546650129	-0.33313042077624	-0.0560884454484605	1
-0.364102038264724	-0.348453159436333	-0.449841824901494	-0.247064493971172	0.0156488788283915	1
-0.364102038264724	-0.446792635931209	-0.524344814787741	-0.369240457074678	-0.0826905976664845	1
-0.364102038264724	-0.36339104711439	-0.478637906473514	-0.248144187755266	0.000710991150334461	1
-0.364102038264724	-0.450059744066507	-0.551742154853059	-0.348377333279955	-0.0859577058017825	1
-0.364102038264724	-0.358048467787492	-0.435849287803534	-0.280247647771449	0.00605357047723248	1
-0.364102038264724	-0.360429574486016	-0.446935814207154	-0.273923334764877	0.0036724637787085	1
-0.364102038264724	-0.40436754401817	-0.500026915420027	-0.308708172616314	-0.0402655057534455	1
-0.364102038264724	-0.400679248424167	-0.50061922490227	-0.300739271946064	-0.0365772101594425	1
-0.364102038264724	-0.32002942022364	-0.436126709071943	-0.203932131375338	0.0440726180410845	1
-0.364102038264724	-0.464559125336207	-0.569044561167899	-0.360073689504514	-0.100457087071483	1
-0.364102038264724	-0.370483548435564	-0.459666033457194	-0.281301063413934	-0.00638151017083954	1
-0.364102038264724	-0.356204588148848	-0.448697694904273	-0.263711481393422	0.0078974501158765	1
-0.364102038264724	-0.501455050196276	-0.595160168783855	-0.407749931608697	-0.137353011931552	1
