"V1"	"V2"	"V3"	"V4"	"V5"	"V6"
-0.364102038264724	-0.378587513300949	-0.458729490122872	-0.298445536479025	-0.0144854750362245	1
-0.364102038264724	-0.344822667237733	-0.46216895395987	-0.227476380515596	0.0192793710269915	1
-0.364102038264724	-0.303060558372069	-0.389471343052457	-0.216649773691681	0.0610414798926555	1
-0.364102038264724	-0.410926582720784	-0.479692252255958	-0.342160913185609	-0.0468245444560595	1
-0.364102038264724	-0.477052436781268	-0.553103735178915	-0.401001138383621	-0.112950398516544	1
-0.364102038264724	-0.412299999578588	-0.522225965498686	-0.30237403365849	-0.0481979613138635	1
-0.364102038264724	-0.346175394859212	-0.418062890730309	-0.274287898988116	0.0179266434055125	1
-0.364102038264724	-0.38645018355545	-0.482607689525465	-0.290292677585436	-0.0223481452907255	1
-0.364102038264724	-0.436294479239935	-0.511919306387571	-0.360669652092299	-0.0721924409752105	1
-0.364102038264724	-0.442596771631199	-0.547924513225258	-0.337269030037139	-0.0784947333664745	1
-0.364102038264724	-0.323702844699963	-0.464121235587903	-0.183284453812024	0.0403991935647615	1
-0.364102038264724	-0.419278361863895	-0.516450336799523	-0.322106386928268	-0.0551763235991705	1
-0.364102038264724	-0.513188029651472	-0.59120569464637	-0.435170364656575	-0.149085991386748	1
-0.364102038264724	-0.386597950852055	-0.480616572488258	-0.292579329215853	-0.0224959125873305	1
-0.364102038264724	-0.38596494155053	-0.486088772806681	-0.28584111029438	-0.0218629032858055	1
-0.364102038264724	-0.461049230376555	-0.55194898223641	-0.370149478516699	-0.0969471921118305	1
-0.364102038264724	-0.422297058611506	-0.512530817934752	-0.33206329928826	-0.0581950203467815	1
-0.364102038264724	-0.369830330510488	-0.44091842206134	-0.298742238959636	-0.00572829224576354	1
-0.364102038264724	-0.312572431598949	-0.403469102603363	-0.221675760594536	0.0515296066657755	1
-0.364102038264724	-0.345312880323215	-0.473549224509517	-0.217076536136912	0.0187891579415095	1
-0.364102038264724	-0.458327934130964	-0.553805644501373	-0.362850223760555	-0.0942258958662395	1
-0.364102038264724	-0.423152843335047	-0.527750395304961	-0.318555291365133	-0.0590508050703225	1
-0.364102038264724	-0.410506609966823	-0.492846618000987	-0.32816660193266	-0.0464045717020985	1
-0.364102038264724	-0.332716056065388	-0.453173915907623	-0.212258196223154	0.0313859821993365	1
-0.364102038264724	-0.433083005452297	-0.522199657571054	-0.34396635333354	-0.0689809671875725	1
-0.364102038264724	-0.401967792101416	-0.500958326532845	-0.302977257669988	-0.0378657538366915	1
-0.364102038264724	-0.48051003094898	-0.576375705606896	-0.384644356291065	-0.116407992684256	1
-0.364102038264724	-0.365626224740628	-0.432308222937465	-0.298944226543791	-0.00152418647590352	1
-0.364102038264724	-0.415111945761328	-0.515610569405206	-0.31461332211745	-0.0510099074966035	1
-0.364102038264724	-0.442450394447083	-0.539202605013792	-0.345698183880375	-0.0783483561823585	1
-0.364102038264724	-0.410156085822035	-0.499001914139083	-0.321310257504986	-0.0460540475573105	1
-0.364102038264724	-0.421460591733996	-0.509960297402129	-0.332960886065864	-0.0573585534692715	1
-0.364102038264724	-0.368706699484121	-0.464954477509874	-0.272458921458368	-0.00460466121939651	1
-0.364102038264724	-0.369818743532603	-0.462676940857236	-0.276960546207971	-0.00571670526787854	1
-0.364102038264724	-0.37791662564977	-0.477551255212365	-0.278281996087176	-0.0138145873850455	1
-0.364102038264724	-0.329678878500171	-0.430080805743421	-0.229276951256921	0.0344231597645535	1
-0.364102038264724	-0.413121524083678	-0.505542503913089	-0.320700544254267	-0.0490194858189535	1
-0.364102038264724	-0.369553031595452	-0.48870084796865	-0.250405215222255	-0.00545099333072752	1
-0.364102038264724	-0.460456390488618	-0.567901025578659	-0.353011755398578	-0.0963543522238935	1
-0.364102038264724	-0.389210479079259	-0.489345033903612	-0.289075924254907	-0.0251084408145345	1
-0.364102038264724	-0.35645446670806	-0.465737815353927	-0.247171118062193	0.00764757155666446	1
-0.364102038264724	-0.395415944445523	-0.485864436307879	-0.304967452583166	-0.0313139061807985	1
-0.364102038264724	-0.463842620539498	-0.561454599808785	-0.366230641270212	-0.0997405822747735	1
-0.364102038264724	-0.370421372241496	-0.463990686439812	-0.27685205804318	-0.00631933397677154	1
-0.364102038264724	-0.370841320664246	-0.473961717093753	-0.26772092423474	-0.00673928239952154	1
-0.364102038264724	-0.426150179002301	-0.51744603174127	-0.334854326263333	-0.0620481407375765	1
-0.364102038264724	-0.359346156021561	-0.454422977126195	-0.264269334916927	0.00475588224316348	1
-0.364102038264724	-0.320644034991581	-0.415186590830056	-0.226101479153105	0.0434580032731435	1
-0.364102038264724	-0.423939167965994	-0.510465822465489	-0.3374125134665	-0.0598371297012695	1
-0.364102038264724	-0.377693312839306	-0.47985067046246	-0.275535955216152	-0.0135912745745815	1
-0.364102038264724	-0.401767767107063	-0.501523316448912	-0.302012217765215	-0.0376657288423385	1
-0.364102038264724	-0.462123729578559	-0.549924620285513	-0.374322838871606	-0.0980216913138345	1
-0.364102038264724	-0.292441978841629	-0.414243481573938	-0.170640476109319	0.0716600594230955	1
-0.364102038264724	-0.39043626578655	-0.500027620402069	-0.28084491117103	-0.0263342275218255	1
-0.364102038264724	-0.414796956360705	-0.516358372783053	-0.313235539938358	-0.0506949180959805	1
-0.364102038264724	-0.412808955611395	-0.517165712545165	-0.308452198677625	-0.0487069173466705	1
-0.364102038264724	-0.362167114426131	-0.445103849724879	-0.279230379127384	0.00193492383859351	1
-0.364102038264724	-0.323983939623571	-0.428320077491019	-0.219647801756122	0.0401180986411535	1
-0.364102038264724	-0.463397453651747	-0.549260850707471	-0.377534056596024	-0.0992954153870225	1
-0.364102038264724	-0.400753112751603	-0.48645572622746	-0.315050499275747	-0.0366510744868785	1
-0.364102038264724	-0.38403458051716	-0.445302241596623	-0.322766919437696	-0.0199325422524355	1
-0.364102038264724	-0.358625628618694	-0.421401278514849	-0.295849978722539	0.00547640964603047	1
-0.364102038264724	-0.322518893808044	-0.431937570069035	-0.213100217547053	0.0415831444566805	1
-0.364102038264724	-0.509011184717771	-0.595921870393209	-0.422100499042333	-0.144909146453046	1
-0.364102038264724	-0.457764569064354	-0.557921830778363	-0.357607307350344	-0.0936625307996295	1
-0.364102038264724	-0.442036018508976	-0.535187939419573	-0.348884097598379	-0.0779339802442515	1
-0.364102038264724	-0.334294639117814	-0.446322919834457	-0.222266358401172	0.0298073991469105	1
-0.364102038264724	-0.374257183403842	-0.471311106112523	-0.27720326069516	-0.0101551451391175	1
-0.364102038264724	-0.388869321959819	-0.488467540592957	-0.289271103326681	-0.0247672836950945	1
-0.364102038264724	-0.364431861977975	-0.453853172072858	-0.275010551883091	-0.000329823713250521	1
-0.364102038264724	-0.386687507581405	-0.47923202693497	-0.29414298822784	-0.0225854693166805	1
-0.364102038264724	-0.42414914786947	-0.522217405430912	-0.326080890308029	-0.0600471096047455	1
-0.364102038264724	-0.361509561528015	-0.454515733120249	-0.268503389935781	0.00259247673670948	1
-0.364102038264724	-0.400761746092883	-0.485170927098238	-0.316352565087527	-0.0366597078281585	1
-0.364102038264724	-0.445730465969742	-0.546109476542615	-0.345351455396868	-0.0816284277050175	1
-0.364102038264724	-0.38999181132569	-0.471183283798274	-0.308800338853106	-0.0258897730609655	1
-0.364102038264724	-0.379227069084797	-0.473320763587789	-0.285133374581805	-0.0151250308200725	1
-0.364102038264724	-0.359378603785781	-0.446624661203358	-0.272132546368203	0.00472343447894347	1
-0.364102038264724	-0.376634543807988	-0.460735637893709	-0.292533449722266	-0.0125325055432635	1
-0.364102038264724	-0.390265403800208	-0.501881841084711	-0.278648966515705	-0.0261633655354835	1
-0.364102038264724	-0.432481432067924	-0.519275646334292	-0.345687217801555	-0.0683793938031995	1
-0.364102038264724	-0.373327007277031	-0.483937053452229	-0.262716961101833	-0.00922496901230652	1
-0.364102038264724	-0.392822232159859	-0.478098795650156	-0.307545668669561	-0.0287201938951345	1
-0.364102038264724	-0.368733775657466	-0.455858145462805	-0.281609405852126	-0.00463173739274153	1
-0.364102038264724	-0.392719106636908	-0.496445553481917	-0.288992659791899	-0.0286170683721835	1
-0.364102038264724	-0.432230339215744	-0.54200188224835	-0.322458796183138	-0.0681283009510195	1
-0.364102038264724	-0.351256670785489	-0.411904572562817	-0.29060876900816	0.0128453674792355	1
-0.364102038264724	-0.408725906080991	-0.488798690291779	-0.328653121870202	-0.0446238678162665	1
-0.364102038264724	-0.359091579043782	-0.45768437186398	-0.260498786223584	0.00501045922094245	1
-0.364102038264724	-0.416010105495294	-0.516240608102211	-0.315779602888377	-0.0519080672305695	1
-0.364102038264724	-0.427656496736453	-0.512063819429337	-0.343249174043568	-0.0635544584717285	1
-0.364102038264724	-0.43797789895282	-0.502382459856395	-0.373573338049246	-0.0738758606880955	1
-0.364102038264724	-0.429840529640561	-0.520186336731919	-0.339494722549203	-0.0657384913758365	1
-0.364102038264724	-0.336597315209456	-0.425263505166344	-0.247931125252569	0.0275047230552685	1
-0.364102038264724	-0.374741888561327	-0.470483147776132	-0.279000629346522	-0.0106398502966025	1
-0.364102038264724	-0.383443633906566	-0.487442648124551	-0.27944461968858	-0.0193415956418415	1
-0.364102038264724	-0.280520062285941	-0.388815058217043	-0.172225066354839	0.0835819759787835	1
-0.364102038264724	-0.386325162016302	-0.492868720743072	-0.279781603289532	-0.0222231237515775	1
-0.364102038264724	-0.357417554573162	-0.478364253432029	-0.236470855714296	0.00668448369156249	1
-0.364102038264724	-0.410577081200509	-0.474270993034218	-0.3468831693668	-0.0464750429357845	1
-0.364102038264724	-0.338483465833251	-0.402806211507724	-0.274160720158777	0.0256185724314735	1
-0.364102038264724	-0.387251316070405	-0.491229218313362	-0.283273413827448	-0.0231492778056805	1
-0.364102038264724	-0.331254768357532	-0.413213934267739	-0.249295602447324	0.0328472699071925	1
-0.364102038264724	-0.407178208962949	-0.485014357347534	-0.329342060578364	-0.0430761706982245	1
-0.364102038264724	-0.353067733169375	-0.448143981491363	-0.257991484847386	0.0110343050953495	1
-0.364102038264724	-0.4199091857444	-0.508623727855023	-0.331194643633778	-0.0558071474796755	1
-0.364102038264724	-0.443201634838158	-0.545596290441056	-0.34080697923526	-0.0790995965734335	1
-0.364102038264724	-0.304545771740984	-0.424376492639893	-0.184715050842075	0.0595562665237405	1
-0.364102038264724	-0.326818113920477	-0.427286490531851	-0.226349737309103	0.0372839243442475	1
-0.364102038264724	-0.39056884098752	-0.489101125651509	-0.292036556323531	-0.0264668027227955	1
-0.364102038264724	-0.383527388803534	-0.497430086722614	-0.269624690884455	-0.0194253505388095	1
-0.364102038264724	-0.407220244952783	-0.474306063356265	-0.340134426549302	-0.0431182066880585	1
-0.364102038264724	-0.314034014059985	-0.409257226260366	-0.218810801859604	0.0500680242047395	1
-0.364102038264724	-0.373811130755423	-0.485927447043466	-0.261694814467381	-0.00970909249069851	1
-0.364102038264724	-0.297184018171915	-0.390379998472536	-0.203988037871293	0.0669180200928095	1
-0.364102038264724	-0.352532077389594	-0.43701257989262	-0.268051574886568	0.0115699608751305	1
-0.364102038264724	-0.43735503082674	-0.530114681572323	-0.344595380081157	-0.0732529925620155	1
-0.364102038264724	-0.388004375753697	-0.532676842922288	-0.243331908585106	-0.0239023374889725	1
-0.364102038264724	-0.426692911628508	-0.508138665350098	-0.345247157906918	-0.0625908733637835	1
-0.364102038264724	-0.39116991808453	-0.460197671755651	-0.32214216441341	-0.0270678798198055	1
-0.364102038264724	-0.463363381951037	-0.541245093668135	-0.38548167023394	-0.0992613436863125	1
-0.364102038264724	-0.370633308098741	-0.451427992373539	-0.289838623823942	-0.00653126983401653	1
-0.364102038264724	-0.488596223464212	-0.588947795474713	-0.388244651453711	-0.124494185199488	1
-0.364102038264724	-0.470780717081285	-0.588410803739731	-0.35315063042284	-0.106678678816561	1
-0.364102038264724	-0.377692344876198	-0.460000479037469	-0.295384210714926	-0.0135903066114735	1
-0.364102038264724	-0.401805405333473	-0.491201056251209	-0.312409754415736	-0.0377033670687485	1
-0.364102038264724	-0.340945026941895	-0.457589993780578	-0.224300060103212	0.0231570113228295	1
-0.364102038264724	-0.243009813401835	-0.333592618513587	-0.152427008290084	0.121092224862889	1
-0.364102038264724	-0.379434236359474	-0.460962882839337	-0.297905589879612	-0.0153321980947495	1
-0.364102038264724	-0.366504752010165	-0.460018283178007	-0.272991220842324	-0.00240271374544054	1
-0.364102038264724	-0.320260929260411	-0.42129040434397	-0.219231454176852	0.0438411090043135	1
-0.364102038264724	-0.30805186974322	-0.401448775523935	-0.214654963962505	0.0560501685215045	1
-0.364102038264724	-0.36176489830587	-0.452443818207936	-0.271085978403805	0.00233713995885448	1
-0.364102038264724	-0.39101156154871	-0.465550934762356	-0.316472188335064	-0.0269095232839855	1
-0.364102038264724	-0.409380342464208	-0.487223122698442	-0.331537562229975	-0.0452783041994835	1
-0.364102038264724	-0.447859353306313	-0.544778894499234	-0.350939812113391	-0.0837573150415885	1
-0.364102038264724	-0.40186987641473	-0.499231696123665	-0.304508056705795	-0.0377678381500055	1
-0.364102038264724	-0.33250619499619	-0.436704235522138	-0.228308154470242	0.0315958432685345	1
-0.364102038264724	-0.414244513914023	-0.494701493952025	-0.333787533876021	-0.0501424756492985	1
-0.364102038264724	-0.356332747801617	-0.44294051327167	-0.269724982331565	0.00776929046310748	1
-0.364102038264724	-0.429477059869724	-0.521093796308817	-0.337860323430631	-0.0653750216049995	1
-0.364102038264724	-0.35648074755375	-0.465914593290683	-0.247046901816818	0.0076212907109745	1
-0.364102038264724	-0.421229178615377	-0.514324846183768	-0.328133511046986	-0.0571271403506525	1
-0.364102038264724	-0.377479877052016	-0.473737833246871	-0.28122192085716	-0.0133778387872915	1
-0.364102038264724	-0.367414066283538	-0.480304788651405	-0.25452334391567	-0.00331202801881353	1
-0.364102038264724	-0.394955111599001	-0.513966447056051	-0.27594377614195	-0.0308530733342765	1
-0.364102038264724	-0.32705709347953	-0.440499048064604	-0.213615138894456	0.0370449447851945	1
-0.364102038264724	-0.355307036973733	-0.483109620430882	-0.227504453516585	0.00879500129099148	1
-0.364102038264724	-0.4164864470182	-0.523755991815314	-0.309216902221086	-0.0523844087534755	1
-0.364102038264724	-0.42533537142943	-0.519300448407802	-0.331370294451057	-0.0612333331647055	1
-0.364102038264724	-0.333976761748459	-0.411845567210306	-0.256107956286611	0.0301252765162655	1
-0.364102038264724	-0.447710148454817	-0.551762782611782	-0.343657514297852	-0.0836081101900925	1
-0.364102038264724	-0.340025323607787	-0.440717433068999	-0.239333214146574	0.0240767146569375	1
-0.364102038264724	-0.42097046140112	-0.488594288313483	-0.353346634488757	-0.0568684231363955	1
-0.364102038264724	-0.38964861388261	-0.490101674748524	-0.289195553016697	-0.0255465756178855	1
-0.364102038264724	-0.424681762324467	-0.520401344834451	-0.328962179814483	-0.0605797240597425	1
-0.364102038264724	-0.474108628409314	-0.558680878403403	-0.389536378415225	-0.11000659014459	1
-0.364102038264724	-0.496267047234749	-0.57427982869969	-0.418254265769808	-0.132165008970025	1
-0.364102038264724	-0.446341922157875	-0.536264987989833	-0.356418856325916	-0.0822398838931505	1
-0.364102038264724	-0.418820208667169	-0.522689181496289	-0.314951235838049	-0.0547181704024445	1
-0.364102038264724	-0.376666066986939	-0.467176722802018	-0.286155411171859	-0.0125640287222145	1
-0.364102038264724	-0.347185827213301	-0.413714739876359	-0.280656914550243	0.0169162110514235	1
-0.364102038264724	-0.442685800311109	-0.52824690758275	-0.357124693039468	-0.0785837620463845	1
-0.364102038264724	-0.414061816070093	-0.512929652803631	-0.315193979336555	-0.0499597778053685	1
-0.364102038264724	-0.367191251473361	-0.459266185646755	-0.275116317299968	-0.00308921320863653	1
-0.364102038264724	-0.485085680218566	-0.591343971150088	-0.378827389287044	-0.120983641953842	1
-0.364102038264724	-0.396634066173959	-0.499686448812372	-0.293581683535547	-0.0325320279092345	1
-0.364102038264724	-0.422333687840752	-0.493397677509038	-0.351269698172466	-0.0582316495760275	1
-0.364102038264724	-0.441621613937721	-0.531294621979452	-0.351948605895991	-0.0775195756729965	1
-0.364102038264724	-0.350098755796598	-0.432259989561366	-0.26793752203183	0.0140032824681265	1
-0.364102038264724	-0.322953902574174	-0.452058222664703	-0.193849582483645	0.0411481356905505	1
-0.364102038264724	-0.375207622826083	-0.474673834247879	-0.275741411404288	-0.0111055845613585	1
-0.364102038264724	-0.377023587631338	-0.484603059797823	-0.269444115464853	-0.0129215493666135	1
-0.364102038264724	-0.368502183567584	-0.468098138599909	-0.268906228535259	-0.00440014530285954	1
-0.364102038264724	-0.421171516194513	-0.518287343226469	-0.324055689162558	-0.0570694779297885	1
-0.364102038264724	-0.3959098700164	-0.481243790150464	-0.310575949882336	-0.0318078317516755	1
-0.364102038264724	-0.425675290969741	-0.520872000382692	-0.33047858155679	-0.0615732527050165	1
-0.364102038264724	-0.410318540958168	-0.515591190456428	-0.305045891459909	-0.0462165026934435	1
-0.364102038264724	-0.36556730220005	-0.458722504581711	-0.272412099818389	-0.00146526393532553	1
-0.364102038264724	-0.402010513133257	-0.484072168138577	-0.319948858127937	-0.0379084748685325	1
-0.364102038264724	-0.426173025156085	-0.557034891397473	-0.295311158914697	-0.0620709868913605	1
-0.364102038264724	-0.390448402996299	-0.512919047587401	-0.267977758405198	-0.0263463647315745	1
-0.364102038264724	-0.399179136071577	-0.476598099435012	-0.321760172708142	-0.0350770978068525	1
-0.364102038264724	-0.357898465251233	-0.445598028726685	-0.270198901775781	0.0062035730134915	1
-0.364102038264724	-0.284317476759734	-0.393049742815501	-0.175585210703967	0.0797845615049905	1
-0.364102038264724	-0.374760109473034	-0.474801961869151	-0.274718257076916	-0.0106580712083095	1
-0.364102038264724	-0.40802541358349	-0.497908638854502	-0.318142188312477	-0.0439233753187655	1
-0.364102038264724	-0.472568630830408	-0.529268109056607	-0.41586915260421	-0.108466592565684	1
-0.364102038264724	-0.359355630851518	-0.443098237910926	-0.275613023792111	0.00474640741320648	1
-0.364102038264724	-0.387955963634938	-0.494787748595182	-0.281124178674695	-0.0238539253702135	1
-0.364102038264724	-0.440020605817948	-0.525632242702639	-0.354408968933256	-0.0759185675532235	1
-0.364102038264724	-0.309247242443411	-0.427013827064187	-0.191480657822636	0.0548547958213135	1
-0.364102038264724	-0.450248294070239	-0.526673989537209	-0.373822598603269	-0.0861462558055145	1
-0.364102038264724	-0.379207824280872	-0.493435262397084	-0.26498038616466	-0.0151057860161475	1
-0.364102038264724	-0.358994502814605	-0.447256192018623	-0.270732813610586	0.00510753545011949	1
-0.364102038264724	-0.388850940164138	-0.477185237917195	-0.30051664241108	-0.0247489018994135	1
-0.364102038264724	-0.303653520750277	-0.404166677382913	-0.203140364117642	0.0604485175144475	1
-0.364102038264724	-0.337789452831011	-0.44289703623672	-0.232681869425303	0.0263125854337135	1
-0.364102038264724	-0.410397928520485	-0.510594508060167	-0.310201348980804	-0.0462958902557605	1
-0.364102038264724	-0.34334695300336	-0.446625214104317	-0.240068691902403	0.0207550852613645	1
-0.364102038264724	-0.365444812135087	-0.448109140167688	-0.282780484102486	-0.00134277387036252	1
-0.364102038264724	-0.379052421039924	-0.468327779722235	-0.289777062357612	-0.0149503827751995	1
-0.364102038264724	-0.29514912643713	-0.375001555692989	-0.215296697181271	0.0689529118275945	1
-0.364102038264724	-0.367164254517806	-0.454298480563694	-0.280030028471917	-0.00306221625308151	1
-0.364102038264724	-0.359013968512409	-0.456761611579865	-0.261266325444954	0.00508806975231546	1
-0.364102038264724	-0.459213426166312	-0.572945611716423	-0.3454812406162	-0.0951113879015875	1
-0.364102038264724	-0.338040550251763	-0.449031403923734	-0.227049696579793	0.0260614880129615	1
-0.364102038264724	-0.39937677124025	-0.47936022230336	-0.319393320177139	-0.0352747329755255	1
-0.364102038264724	-0.359709533580591	-0.489539350777936	-0.229879716383247	0.00439250468413349	1
-0.364102038264724	-0.3815146125573	-0.478534315331964	-0.284494909782636	-0.0174125742925755	1
-0.364102038264724	-0.382687414519035	-0.45439634310213	-0.31097848593594	-0.0185853762543105	1
-0.364102038264724	-0.36569207477487	-0.470179785602987	-0.261204363946752	-0.0015900365101455	1
-0.364102038264724	-0.411857832484818	-0.500150680110619	-0.323564984859017	-0.0477557942200935	1
-0.364102038264724	-0.414055363258032	-0.498534401113215	-0.329576325402849	-0.0499533249933075	1
-0.364102038264724	-0.490948899666975	-0.585489592684023	-0.396408206649928	-0.126846861402251	1
-0.364102038264724	-0.321149360716624	-0.418693454891971	-0.223605266541277	0.0429526775481005	1
-0.364102038264724	-0.391968565528516	-0.468806960731844	-0.315130170325188	-0.0278665272637915	1
-0.364102038264724	-0.372232176247361	-0.475239716653322	-0.2692246358414	-0.00813013798263651	1
-0.364102038264724	-0.437615122368526	-0.539614698458918	-0.335615546278134	-0.0735130841038015	1
-0.364102038264724	-0.336829602857904	-0.427317026344394	-0.246342179371415	0.0272724354068205	1
-0.364102038264724	-0.378825215291488	-0.492596611681994	-0.265053818900982	-0.0147231770267635	1
-0.364102038264724	-0.398738179593326	-0.482273897649996	-0.315202461536657	-0.0346361413286015	1
-0.364102038264724	-0.387397988426158	-0.45664169281628	-0.318154284036036	-0.0232959501614335	1
-0.364102038264724	-0.315861772612299	-0.377429770817346	-0.254293774407252	0.0482402656524255	1
-0.364102038264724	-0.36346402956997	-0.48048947743969	-0.24643858170025	0.000638008694754499	1
-0.364102038264724	-0.440215961884469	-0.552661379877938	-0.327770543891001	-0.0761139236197445	1
-0.364102038264724	-0.334571928745098	-0.427243231743242	-0.241900625746954	0.0295301095196265	1
-0.364102038264724	-0.364310019395348	-0.482690866237257	-0.245929172553439	-0.000207981130623536	1
-0.364102038264724	-0.404638756183239	-0.521754635933522	-0.287522876432956	-0.0405367179185145	1
-0.364102038264724	-0.415107132650314	-0.516530560728906	-0.313683704571721	-0.0510050943855895	1
-0.364102038264724	-0.419337291030413	-0.513764767115414	-0.324909814945413	-0.0552352527656885	1
-0.364102038264724	-0.408796377696027	-0.500070318467646	-0.317522436924407	-0.0446943394313025	1
-0.364102038264724	-0.414159570837153	-0.479897949946156	-0.348421191728149	-0.0500575325724285	1
-0.364102038264724	-0.319583565217446	-0.402346497899727	-0.236820632535165	0.0445184730472785	1
-0.364102038264724	-0.329329630787304	-0.409094886410698	-0.24956437516391	0.0347724074774205	1
-0.364102038264724	-0.31822488052097	-0.405322335464855	-0.231127425577085	0.0458771577437545	1
-0.364102038264724	-0.352748059062741	-0.44273797184822	-0.262758146277262	0.0113539792019835	1
-0.364102038264724	-0.440326808331205	-0.538294090245126	-0.342359526417283	-0.0762247700664805	1
-0.364102038264724	-0.464198996511352	-0.573505416704032	-0.354892576318671	-0.100096958246628	1
-0.364102038264724	-0.373387901570439	-0.479266488523984	-0.267509314616894	-0.00928586330571451	1
-0.364102038264724	-0.370440672815903	-0.478559976697044	-0.262321368934762	-0.0063386345511785	1
-0.364102038264724	-0.450390093750516	-0.532528584289774	-0.368251603211259	-0.0862880554857915	1
-0.364102038264724	-0.390834784787862	-0.477538460478674	-0.304131109097049	-0.0267327465231375	1
-0.364102038264724	-0.321348777241193	-0.412871238513893	-0.229826315968493	0.0427532610235315	1
-0.364102038264724	-0.391314289295902	-0.491040547938691	-0.291588030653113	-0.0272122510311775	1
-0.364102038264724	-0.456998713681064	-0.548102364692207	-0.36589506266992	-0.0928966754163395	1
-0.364102038264724	-0.401421790418492	-0.48206066344638	-0.320782917390603	-0.0373197521537675	1
-0.364102038264724	-0.388356763569428	-0.492756015598487	-0.283957511540368	-0.0242547253047035	1
-0.364102038264724	-0.36040958459105	-0.453492795660779	-0.267326373521321	0.00369245367367449	1
-0.364102038264724	-0.374472635281194	-0.487036147746471	-0.261909122815917	-0.0103705970164695	1
-0.364102038264724	-0.431614477643169	-0.543254942904608	-0.31997401238173	-0.0675124393784445	1
-0.364102038264724	-0.36475523242631	-0.432414902513638	-0.297095562338983	-0.000653194161585546	1
-0.364102038264724	-0.430251172855101	-0.532237663760342	-0.32826468194986	-0.0661491345903765	1
-0.364102038264724	-0.335575571822343	-0.43464085215673	-0.236510291487955	0.0285264664423815	1
-0.364102038264724	-0.372662910354949	-0.443983069602594	-0.301342751107305	-0.00856087209022449	1
-0.364102038264724	-0.423452386626169	-0.499390086661575	-0.347514686590763	-0.0593503483614445	1
-0.364102038264724	-0.356102995458348	-0.447161914326786	-0.26504407658991	0.00799904280637648	1
-0.364102038264724	-0.479400437421618	-0.556946758510007	-0.40185411633323	-0.115298399156893	1
-0.364102038264724	-0.406570143346781	-0.511741933416892	-0.301398353276669	-0.0424681050820565	1
-0.364102038264724	-0.431859710495808	-0.525798742377849	-0.337920678613767	-0.0677576722310835	1
-0.364102038264724	-0.393398400042441	-0.493781794609259	-0.293015005475623	-0.0292963617777165	1
-0.364102038264724	-0.359686747929242	-0.447120152811089	-0.272253343047394	0.00441529033548249	1
-0.364102038264724	-0.377860757688706	-0.490016592577442	-0.26570492279997	-0.0137587194239815	1
-0.364102038264724	-0.40594310817632	-0.511043719141771	-0.300842497210869	-0.0418410699115955	1
-0.364102038264724	-0.390497322479294	-0.492129550255537	-0.28886509470305	-0.0263952842145695	1
-0.364102038264724	-0.399261344271284	-0.492613142244776	-0.305909546297792	-0.0351593060065595	1
-0.364102038264724	-0.347268744249039	-0.425981002621801	-0.268556485876277	0.0168332940156855	1
-0.364102038264724	-0.406469801436419	-0.511760427147352	-0.301179175725486	-0.0423677631716945	1
-0.364102038264724	-0.414337129293496	-0.510217394778638	-0.318456863808355	-0.0502350910287715	1
-0.364102038264724	-0.364113447853428	-0.473529664259585	-0.25469723144727	-1.14095887034926e-05	1
-0.364102038264724	-0.367749145632179	-0.446085316917547	-0.289412974346811	-0.00364710736745449	1
-0.364102038264724	-0.411672648679166	-0.491916257934716	-0.331429039423615	-0.0475706104144415	1
-0.364102038264724	-0.397563330120541	-0.479987577087128	-0.315139083153953	-0.0334612918558165	1
-0.364102038264724	-0.349740281767359	-0.43123061140047	-0.268249952134248	0.0143617564973655	1
-0.364102038264724	-0.40368716030801	-0.540212291613574	-0.267162029002447	-0.0395851220432855	1
-0.364102038264724	-0.387027668268262	-0.498839385341604	-0.275215951194919	-0.0229256300035375	1
-0.364102038264724	-0.390649567959978	-0.515958726960075	-0.265340408959881	-0.0265475296952535	1
-0.364102038264724	-0.407096086330367	-0.525905537234184	-0.288286635426551	-0.0429940480656425	1
-0.364102038264724	-0.387060189672577	-0.458683533061095	-0.31543684628406	-0.0229581514078525	1
-0.364102038264724	-0.402942126363305	-0.503134428819268	-0.302749823907341	-0.0388400880985805	1
-0.364102038264724	-0.359137143936402	-0.451218203033007	-0.267056084839797	0.00496489432832248	1
-0.364102038264724	-0.402596774933213	-0.523342680005368	-0.281850869861057	-0.0384947366684885	1
-0.364102038264724	-0.420856036382396	-0.501700271708484	-0.340011801056309	-0.0567539981176715	1
-0.364102038264724	-0.440239206902241	-0.536202720048876	-0.344275693755605	-0.0761371686375165	1
-0.364102038264724	-0.460541233710784	-0.557609825413582	-0.363472642007986	-0.0964391954460595	1
-0.364102038264724	-0.44684184246442	-0.527435178350214	-0.366248506578627	-0.0827398041996955	1
-0.364102038264724	-0.371061065751729	-0.446442331044695	-0.295679800458763	-0.0069590274870045	1
-0.364102038264724	-0.369147411986378	-0.478233595534915	-0.260061228437841	-0.00504537372165353	1
-0.364102038264724	-0.470348276852463	-0.549193236322579	-0.391503317382347	-0.106246238587739	1
-0.364102038264724	-0.406478945096677	-0.487066419142152	-0.325891471051202	-0.0423769068319525	1
-0.364102038264724	-0.398777909308247	-0.48841091656833	-0.309144902048164	-0.0346758710435225	1
-0.364102038264724	-0.432736692043811	-0.517207105276484	-0.348266278811138	-0.0686346537790865	1
-0.364102038264724	-0.411124181301514	-0.508169075374979	-0.31407928722805	-0.0470221430367895	1
-0.364102038264724	-0.4344268559289	-0.524056821002184	-0.344796890855615	-0.0703248176641755	1
-0.364102038264724	-0.33905878401112	-0.448852646878744	-0.229264921143497	0.0250432542536045	1
-0.364102038264724	-0.342934587369299	-0.469090083734615	-0.216779091003984	0.0211674508954255	1
-0.364102038264724	-0.353711423108012	-0.437707391149083	-0.269715455066942	0.0103906151567125	1
-0.364102038264724	-0.416809171591106	-0.522517923483151	-0.311100419699062	-0.0527071333263815	1
-0.364102038264724	-0.413292896834338	-0.516053767487385	-0.310532026181291	-0.0491908585696135	1
-0.364102038264724	-0.378161327886259	-0.473688298966606	-0.282634356805912	-0.0140592896215345	1
-0.364102038264724	-0.421678728174761	-0.517710153023148	-0.325647303326374	-0.0575766899100365	1
-0.364102038264724	-0.386366426876075	-0.46829983957759	-0.304433014174561	-0.0222643886113505	1
-0.364102038264724	-0.432704202690471	-0.52071012914406	-0.344698276236882	-0.0686021644257465	1
-0.364102038264724	-0.330273521120446	-0.426437198822553	-0.234109843418339	0.0338285171442785	1
-0.364102038264724	-0.359550620344839	-0.446546290619331	-0.272554950070348	0.0045514179198855	1
-0.364102038264724	-0.395549299257664	-0.503623581393467	-0.28747501712186	-0.0314472609929395	1
-0.364102038264724	-0.340624172108402	-0.456459934170505	-0.2247884100463	0.0234778661563225	1
-0.364102038264724	-0.450596260871502	-0.519198769733087	-0.381993752009917	-0.0864942226067775	1
-0.364102038264724	-0.350194904159444	-0.451768468420323	-0.248621339898564	0.0139071341052805	1
-0.364102038264724	-0.323672731453713	-0.413716364883386	-0.23362909802404	0.0404293068110115	1
-0.364102038264724	-0.389298335073469	-0.475179841841722	-0.303416828305216	-0.0251962968087445	1
-0.364102038264724	-0.436017162737703	-0.529561688110449	-0.342472637364957	-0.0719151244729785	1
-0.364102038264724	-0.413224928349236	-0.520162849492426	-0.306287007206046	-0.0491228900845115	1
-0.364102038264724	-0.367906205125948	-0.440039771318166	-0.29577263893373	-0.00380416686122353	1
-0.364102038264724	-0.383916651598393	-0.484069673513133	-0.283763629683654	-0.0198146133336685	1
-0.364102038264724	-0.403496796370398	-0.506477050439421	-0.300516542301375	-0.0393947581056735	1
-0.364102038264724	-0.412563023202142	-0.516097207237463	-0.30902883916682	-0.0484609849374175	1
-0.364102038264724	-0.3667828107443	-0.446364839713451	-0.287200781775149	-0.00268077247957554	1
-0.364102038264724	-0.339114094705175	-0.450238032813868	-0.227990156596483	0.0249879435595495	1
-0.364102038264724	-0.386770770729151	-0.474402874733165	-0.299138666725137	-0.0226687324644265	1
-0.364102038264724	-0.388546824622387	-0.505553685918052	-0.271539963326722	-0.0244447863576625	1
-0.364102038264724	-0.390215657412557	-0.502814391946121	-0.277616922878994	-0.0261136191478325	1
-0.364102038264724	-0.434426395545754	-0.537297546910428	-0.33155524418108	-0.0703243572810295	1
-0.364102038264724	-0.394581468710834	-0.513966867920617	-0.275196069501051	-0.0304794304461095	1
-0.364102038264724	-0.41965766260121	-0.496265472134449	-0.34304985306797	-0.0555556243364855	1
-0.364102038264724	-0.383016088937224	-0.46781293165274	-0.298219246221708	-0.0189140506724995	1
-0.364102038264724	-0.380936910078583	-0.485528326683757	-0.27634549347341	-0.0168348718138585	1
-0.364102038264724	-0.402763464926792	-0.495774325411688	-0.309752604441896	-0.0386614266620675	1
-0.364102038264724	-0.362570320712521	-0.452780832229655	-0.272359809195387	0.00153171755220349	1
-0.364102038264724	-0.354278113474668	-0.445846038717541	-0.262710188231795	0.0098239247900565	1
-0.364102038264724	-0.362141731085114	-0.478754683471708	-0.24552877869852	0.00196030717961049	1
-0.364102038264724	-0.424985137030652	-0.498994790058975	-0.350975484002329	-0.0608830987659275	1
-0.364102038264724	-0.345611588075385	-0.422886890470755	-0.268336285680014	0.0184904501893395	1
-0.364102038264724	-0.36906190813068	-0.469943080085543	-0.268180736175816	-0.00495986986595554	1
-0.364102038264724	-0.33878479281425	-0.466604414688662	-0.210965170939837	0.0253172454504745	1
-0.364102038264724	-0.368113658010427	-0.462211926606234	-0.274015389414621	-0.00401161974570252	1
-0.364102038264724	-0.413620077986063	-0.480783283782594	-0.346456872189531	-0.0495180397213385	1
-0.364102038264724	-0.354585827969854	-0.454934235898407	-0.254237420041301	0.00951621029487049	1
-0.364102038264724	-0.345205228830975	-0.422308848276665	-0.268101609385286	0.0188968094337495	1
-0.364102038264724	-0.378558191939122	-0.49564015302131	-0.261476230856935	-0.0144561536743975	1
-0.364102038264724	-0.362045994219192	-0.48455412887235	-0.239537859566035	0.0020560440455325	1
-0.364102038264724	-0.326134976930992	-0.445499394227533	-0.206770559634451	0.0379670613337325	1
-0.364102038264724	-0.422528379339366	-0.524126324058114	-0.320930434620617	-0.0584263410746415	1
-0.364102038264724	-0.402120473956439	-0.488362847007144	-0.315878100905734	-0.0380184356917145	1
-0.364102038264724	-0.308400846683462	-0.39354681939918	-0.223254873967745	0.0557011915812625	1
-0.364102038264724	-0.400736615944096	-0.481872272903808	-0.319600958984384	-0.0366345776793715	1
-0.364102038264724	-0.335089847445873	-0.434786588266621	-0.235393106625125	0.0290121908188515	1
-0.364102038264724	-0.376284854561475	-0.470639508173171	-0.281930200949778	-0.0121828162967505	1
-0.364102038264724	-0.327792621847877	-0.406503871127989	-0.249081372567764	0.0363094164168475	1
-0.364102038264724	-0.468831869821086	-0.545830664587147	-0.391833075055025	-0.104729831556362	1
-0.364102038264724	-0.328964953867601	-0.419630105467976	-0.238299802267226	0.0351370843971235	1
-0.364102038264724	-0.406233665271666	-0.480204418743933	-0.3322629117994	-0.0421316270069415	1
-0.364102038264724	-0.461169790065083	-0.569784347546476	-0.35255523258369	-0.0970677518003585	1
-0.364102038264724	-0.37498887404723	-0.463727001429015	-0.286250746665445	-0.0108868357825055	1
-0.364102038264724	-0.387702778608078	-0.453227970925989	-0.322177586290168	-0.0236007403433535	1
-0.364102038264724	-0.334402711506976	-0.420711651029218	-0.248093771984733	0.0296993267577485	1
-0.364102038264724	-0.420732661989776	-0.526752695944644	-0.314712628034909	-0.0566306237250515	1
-0.364102038264724	-0.294041647167387	-0.39443088376978	-0.193652410564994	0.0700603910973375	1
-0.364102038264724	-0.429627985234721	-0.511575486233721	-0.347680484235721	-0.0655259469699965	1
-0.364102038264724	-0.394406645794692	-0.486589685175271	-0.302223606414113	-0.0303046075299675	1
-0.364102038264724	-0.408190461195818	-0.481566670077614	-0.334814252314021	-0.0440884229310935	1
-0.364102038264724	-0.410187030685068	-0.484212664825115	-0.336161396545022	-0.0460849924203435	1
-0.364102038264724	-0.378989608779518	-0.477976179201052	-0.280003038357984	-0.0148875705147935	1
-0.364102038264724	-0.375720254368283	-0.462280736449062	-0.289159772287504	-0.0116182161035585	1
-0.364102038264724	-0.411904788681645	-0.505491281505089	-0.318318295858201	-0.0478027504169205	1
-0.364102038264724	-0.382434887049789	-0.465892401764594	-0.298977372334984	-0.0183328487850645	1
-0.364102038264724	-0.418102086273215	-0.509197704447341	-0.327006468099089	-0.0540000480084905	1
-0.364102038264724	-0.338709632485646	-0.432902784230306	-0.244516480740985	0.0253924057790785	1
-0.364102038264724	-0.385090072031851	-0.496323482782623	-0.27385666128108	-0.0209880337671265	1
-0.364102038264724	-0.422722913844927	-0.530934453295677	-0.314511374394177	-0.0586208755802025	1
-0.364102038264724	-0.42043873490808	-0.515737806808729	-0.325139663007431	-0.0563366966433555	1
-0.364102038264724	-0.421004962495309	-0.474219999943173	-0.367789925047445	-0.0569029242305845	1
-0.364102038264724	-0.365562263175002	-0.461056599708008	-0.270067926641996	-0.00146022491027753	1
-0.364102038264724	-0.515445074140453	-0.59378621523796	-0.437103933042946	-0.151343035875729	1
-0.364102038264724	-0.321185408699967	-0.396332297870174	-0.24603851952976	0.0429166295647575	1
-0.364102038264724	-0.357861864940738	-0.47123223197198	-0.244491497909496	0.00624017332398646	1
-0.364102038264724	-0.434870375851954	-0.506186190053133	-0.363554561650776	-0.0707683375872295	1
-0.364102038264724	-0.386319055509309	-0.489120193748609	-0.28351791727001	-0.0222170172445845	1
-0.364102038264724	-0.334340971017113	-0.45179539433645	-0.216886547697775	0.0297610672476115	1
-0.364102038264724	-0.397219864105132	-0.493782431512881	-0.300657296697384	-0.0331178258404075	1
-0.364102038264724	-0.436826883372527	-0.51648246977791	-0.357171296967144	-0.0727248451078025	1
-0.364102038264724	-0.414590270148157	-0.495172068664605	-0.334008471631709	-0.0504882318834325	1
-0.364102038264724	-0.384217156815867	-0.488016587868525	-0.280417725763209	-0.0201151185511425	1
-0.364102038264724	-0.286462648288757	-0.397262369485473	-0.175662927092041	0.0776393899759675	1
-0.364102038264724	-0.368429926503596	-0.467361745902127	-0.269498107105065	-0.00432788823887154	1
-0.364102038264724	-0.383784034411636	-0.473484558804331	-0.294083510018941	-0.0196819961469115	1
-0.364102038264724	-0.361028426760871	-0.443536465357228	-0.278520388164513	0.00307361150385349	1
-0.364102038264724	-0.38232968100797	-0.465238094355411	-0.299421267660528	-0.0182276427432455	1
-0.364102038264724	-0.366022475328185	-0.427774874065657	-0.304270076590713	-0.00192043706346051	1
-0.364102038264724	-0.293956167881985	-0.373906147372646	-0.214006188391324	0.0701458703827395	1
-0.364102038264724	-0.432571663017801	-0.508729595188997	-0.356413730846606	-0.0684696247530765	1
-0.364102038264724	-0.398539175427969	-0.494099631944109	-0.302978718911828	-0.0344371371632445	1
-0.364102038264724	-0.343286238993435	-0.422015855939162	-0.264556622047708	0.0208157992712895	1
-0.364102038264724	-0.372248932006676	-0.471595665290104	-0.272902198723248	-0.00814689374195154	1
-0.364102038264724	-0.450993508710048	-0.562763700030072	-0.339223317390025	-0.0868914704453235	1
-0.364102038264724	-0.382020473560084	-0.482968003210194	-0.281072943909974	-0.0179184352953595	1
-0.364102038264724	-0.421817523058129	-0.519020182077116	-0.324614864039141	-0.0577154847934045	1
-0.364102038264724	-0.388931493401729	-0.481128654131376	-0.296734332672081	-0.0248294551370045	1
-0.364102038264724	-0.398587967124397	-0.492496550788224	-0.304679383460569	-0.0344859288596725	1
-0.364102038264724	-0.363575737065441	-0.456846805770321	-0.270304668360561	0.000526301199283485	1
-0.364102038264724	-0.428026806036253	-0.522481428574263	-0.333572183498242	-0.0639247677715285	1
-0.364102038264724	-0.319828598056325	-0.390052520682529	-0.249604675430121	0.0442734402083995	1
-0.364102038264724	-0.387883282954943	-0.494922849790648	-0.280843716119237	-0.0237812446902185	1
-0.364102038264724	-0.404600434432024	-0.49894917807668	-0.310251690787368	-0.0404983961672995	1
-0.364102038264724	-0.44179855441531	-0.531675822374934	-0.351921286455685	-0.0776965161505855	1
-0.364102038264724	-0.409426347887517	-0.491614077981145	-0.327238617793889	-0.0453243096227925	1
-0.364102038264724	-0.460217520282683	-0.532560218301153	-0.387874822264212	-0.0961154820179585	1
-0.364102038264724	-0.338241448060631	-0.439073994690462	-0.237408901430799	0.0258605902040935	1
-0.364102038264724	-0.35529411810985	-0.4235027403524	-0.287085495867301	0.00880792015487447	1
-0.364102038264724	-0.362570121830362	-0.457659748490835	-0.267480495169889	0.00153191643436246	1
-0.364102038264724	-0.32747708605552	-0.44050918385753	-0.214444988253509	0.0366249522092045	1
-0.364102038264724	-0.383669966187072	-0.490197399740895	-0.277142532633248	-0.0195679279223475	1
-0.364102038264724	-0.40370314534402	-0.488128483555567	-0.319277807132474	-0.0396011070792955	1
-0.364102038264724	-0.341707330372745	-0.436979410419205	-0.246435250326286	0.0223947078919795	1
-0.364102038264724	-0.400954861090225	-0.483088282250898	-0.318821439929552	-0.0368528228255005	1
-0.364102038264724	-0.38938914117152	-0.503198962411717	-0.275579319931323	-0.0252871029067955	1
-0.364102038264724	-0.426046946809511	-0.521781234701164	-0.330312658917859	-0.0619449085447865	1
-0.364102038264724	-0.399375582685498	-0.479682786477798	-0.319068378893198	-0.0352735444207735	1
-0.364102038264724	-0.426870459231329	-0.561827287471791	-0.291913630990866	-0.0627684209666045	1
-0.364102038264724	-0.351531968417955	-0.454870653768709	-0.248193283067201	0.0125700698467695	1
-0.364102038264724	-0.400663878737412	-0.488729181944447	-0.312598575530376	-0.0365618404726875	1
-0.364102038264724	-0.380087710431642	-0.495305627773978	-0.264869793089306	-0.0159856721669175	1
-0.364102038264724	-0.37716912358972	-0.474248477620158	-0.280089769559282	-0.0130670853249955	1
-0.364102038264724	-0.411167294718159	-0.512029486562325	-0.310305102873994	-0.0470652564534345	1
-0.364102038264724	-0.411736486094226	-0.49439850655659	-0.329074465631863	-0.0476344478295015	1
-0.364102038264724	-0.325274044494015	-0.407575051756107	-0.242973037231923	0.0388279937707095	1
-0.364102038264724	-0.479915527584565	-0.563766367703366	-0.396064687465763	-0.115813489319841	1
-0.364102038264724	-0.397377856699246	-0.466364660164863	-0.328391053233628	-0.0332758184345215	1
-0.364102038264724	-0.395317755372678	-0.478296806697026	-0.312338704048331	-0.0312157171079535	1
-0.364102038264724	-0.457257238181687	-0.535351382296814	-0.379163094066559	-0.0931551999169625	1
-0.364102038264724	-0.465548356048396	-0.534409602439841	-0.39668710965695	-0.101446317783672	1
-0.364102038264724	-0.380645641447904	-0.481222038929809	-0.280069243966	-0.0165436031831795	1
-0.364102038264724	-0.30510392482885	-0.400872032268618	-0.209335817389081	0.0589981134358745	1
-0.364102038264724	-0.392998361576131	-0.487607584876121	-0.298389138276141	-0.0288963233114065	1
-0.364102038264724	-0.302888924886983	-0.426365931646098	-0.179411918127868	0.0612131133777415	1
-0.364102038264724	-0.374687199284925	-0.443509283980361	-0.305865114589489	-0.0105851610202005	1
-0.364102038264724	-0.382505622663891	-0.457163560224762	-0.307847685103021	-0.0184035843991665	1
-0.364102038264724	-0.384311086239282	-0.472913603857445	-0.295708568621119	-0.0202090479745575	1
-0.364102038264724	-0.379926422046768	-0.489212516599343	-0.270640327494192	-0.0158243837820435	1
-0.364102038264724	-0.367662496200157	-0.456809400483627	-0.278515591916686	-0.00356045793543253	1
-0.364102038264724	-0.369563306585802	-0.481985111465669	-0.257141501705935	-0.00546126832107752	1
-0.364102038264724	-0.351963291440665	-0.440290228014691	-0.263636354866638	0.0121387468240595	1
-0.364102038264724	-0.432643644981228	-0.511861430089732	-0.353425859872724	-0.0685416067165035	1
-0.364102038264724	-0.408717684426873	-0.510220749944307	-0.307214618909439	-0.0446156461621485	1
-0.364102038264724	-0.417644284358391	-0.521796076851262	-0.313492491865521	-0.0535422460936665	1
-0.364102038264724	-0.357089889514693	-0.445298310472054	-0.268881468557331	0.00701214875003148	1
-0.364102038264724	-0.435626133728712	-0.491446138857842	-0.379806128599583	-0.0715240954639875	1
-0.364102038264724	-0.404439403135722	-0.476678632903613	-0.332200173367832	-0.0403373648709975	1
-0.364102038264724	-0.364601560580787	-0.471301975228984	-0.257901145932591	-0.000499522316062539	1
-0.364102038264724	-0.490031110264519	-0.55312773097905	-0.426934489549988	-0.125929071999795	1
-0.364102038264724	-0.351795353064307	-0.440000714649824	-0.263589991478789	0.0123066852004175	1
-0.364102038264724	-0.427892084013155	-0.533851448570771	-0.321932719455538	-0.0637900457484305	1
-0.364102038264724	-0.391763180331469	-0.495075692199228	-0.288450668463711	-0.0276611420667445	1
-0.364102038264724	-0.374803586891358	-0.466091391103033	-0.283515782679683	-0.0107015486266335	1
-0.364102038264724	-0.349945843445177	-0.43573412416052	-0.264157562729834	0.0141561948195475	1
-0.364102038264724	-0.371492144985573	-0.450958129759141	-0.292026160212005	-0.0073901067208485	1
-0.364102038264724	-0.390385150551968	-0.492332974480909	-0.288437326623027	-0.0262831122872435	1
-0.364102038264724	-0.437942427332706	-0.535512812822488	-0.340372041842924	-0.0738403890679815	1
-0.364102038264724	-0.478289448012734	-0.562546002986479	-0.394032893038988	-0.11418740974801	1
-0.364102038264724	-0.452612698710236	-0.528058548200917	-0.377166849219555	-0.0885106604455115	1
-0.364102038264724	-0.408866473580285	-0.485228587661509	-0.332504359499061	-0.0447644353155605	1
-0.364102038264724	-0.362531644167866	-0.458533408021907	-0.266529880313826	0.0015703940968585	1
-0.364102038264724	-0.460686121757852	-0.561793991341826	-0.359578252173878	-0.0965840834931275	1
-0.364102038264724	-0.398338743602569	-0.488965584997691	-0.307711902207447	-0.0342367053378445	1
-0.364102038264724	-0.421393811146858	-0.506311794216832	-0.336475828076885	-0.0572917728821335	1
-0.364102038264724	-0.411232306796749	-0.51143209699418	-0.311032516599317	-0.0471302685320245	1
-0.364102038264724	-0.322675658617963	-0.423433291728792	-0.221918025507133	0.0414263796467615	1
-0.364102038264724	-0.389419067964257	-0.505936950534051	-0.272901185394464	-0.0253170296995325	1
-0.364102038264724	-0.377199111639141	-0.466884436325556	-0.287513786952726	-0.0130970733744165	1
-0.364102038264724	-0.27218451138621	-0.368152279939896	-0.176216742832523	0.0919175268785145	1
-0.364102038264724	-0.365432296895552	-0.451668092799787	-0.279196500991316	-0.00133025863082753	1
-0.364102038264724	-0.382592885343648	-0.474489367455173	-0.290696403232124	-0.0184908470789235	1
-0.364102038264724	-0.447104188572647	-0.521120435294519	-0.373087941850776	-0.0830021503079225	1
-0.364102038264724	-0.380317780465348	-0.459401799535811	-0.301233761394884	-0.0162157422006235	1
-0.364102038264724	-0.427925064016642	-0.5225054121314	-0.333344715901884	-0.0638230257519175	1
-0.364102038264724	-0.33193471904871	-0.467144932103774	-0.196724505993646	0.0321673192160145	1
-0.364102038264724	-0.328488003493767	-0.419124001749659	-0.237852005237876	0.0356140347709575	1
-0.364102038264724	-0.278100991380395	-0.388499590562599	-0.16770239219819	0.0860010468843295	1
-0.364102038264724	-0.479214093253511	-0.576517928122334	-0.381910258384688	-0.115112054988787	1
-0.364102038264724	-0.368765680664215	-0.501926839839179	-0.235604521489251	-0.00466364239949052	1
-0.364102038264724	-0.309978468452154	-0.418614855972537	-0.201342080931771	0.0541235698125705	1
-0.364102038264724	-0.473262211712795	-0.56640900184669	-0.3801154215789	-0.10916017344807	1
-0.364102038264724	-0.375929807562117	-0.466821142330892	-0.285038472793343	-0.0118277692973925	1
-0.364102038264724	-0.496572913596279	-0.573218424827125	-0.419927402365433	-0.132470875331554	1
-0.364102038264724	-0.390788699492196	-0.471187072362937	-0.310390326621455	-0.0266866612274715	1
-0.364102038264724	-0.365349557841956	-0.479785445074945	-0.250913670608967	-0.00124751957723152	1
-0.364102038264724	-0.348549482645555	-0.464850122159587	-0.232248843131524	0.0155525556191695	1
-0.364102038264724	-0.418672378693043	-0.521407634022679	-0.315937123363407	-0.0545703404283185	1
-0.364102038264724	-0.336070628955785	-0.443366255433494	-0.228775002478075	0.0280314093089395	1
-0.364102038264724	-0.35019373636939	-0.445142950693864	-0.255244522044916	0.0139083018953345	1
-0.364102038264724	-0.293168188503335	-0.387970524953397	-0.198365852053274	0.0709338497613895	1
-0.364102038264724	-0.379658553892564	-0.466401188195508	-0.29291591958962	-0.0155565156278395	1
-0.364102038264724	-0.255624562349313	-0.35653729363819	-0.154711831060436	0.108477475915411	1
-0.364102038264724	-0.399244072954665	-0.494945150436827	-0.303542995472503	-0.0351420346899405	1
-0.364102038264724	-0.404786984285837	-0.472345572853816	-0.337228395717858	-0.0406849460211125	1
-0.364102038264724	-0.337735842015421	-0.416281447456705	-0.259190236574137	0.0263661962493035	1
-0.364102038264724	-0.337682159021284	-0.423291354583103	-0.252072963459465	0.0264198792434405	1
-0.364102038264724	-0.446485386538523	-0.542990209707708	-0.349980563369339	-0.0823833482737985	1
-0.364102038264724	-0.405515308347016	-0.470571178863885	-0.340459437830147	-0.0414132700822915	1
-0.364102038264724	-0.380250287765154	-0.495181121579421	-0.265319453950888	-0.0161482495004295	1
