"Mean"	"SD"	"Naive SE"	"Time-series SE"
"CACE"	-0.0136822277011198	0.0543860703478757	0.00015699906177756	0.000403646369202307
"b1out"	0.0969435227541127	0.0149425088471096	4.31353075262354e-05	7.17740164477089e-05
"pia"	0.0956100812949825	0.011052649602026	3.19062511149416e-05	0.000153564088620189
"pic"	0.158648089957711	0.00881159492346314	2.54368835052569e-05	9.20155754874709e-05
"pin"	0.745741828747306	0.0108488381431206	3.13178981116269e-05	9.87894947167939e-05
"s1out"	0.151289997021909	0.00702544488577223	2.02807124798874e-05	4.87972567915448e-05
"sigma_z2"	0.5299827481206	0.0835812558470186	0.000241278302812416	0.000329846894752555
"u1out"	0.112684502350982	0.0184068475337849	5.31359918928157e-05	8.81931012836382e-05
"v1out"	0.126366730052102	0.0511399953198569	0.000147628450321378	0.000395934365933315
