"Mean"	"SD"	"Naive SE"	"Time-series SE"
"CACE"	-0.0146822784887582	0.0596490903506195	0.000172192091854232	0.000478923141657282
"b1out"	0.109145184951183	0.0167788853082653	4.84364697471442e-05	0.000109173194926962
"pia"	0.098629740897096	0.00903843963585978	2.60917277840891e-05	0.000119198424984347
"pic"	0.157116608976006	0.0149498719890985	4.31565630862824e-05	0.000263483535586483
"pin"	0.744253650126898	0.0210701961307738	6.08244170399024e-05	0.000375051492637023
"s1out"	0.150752144534643	0.00686384744032499	1.98142208367408e-05	4.52159964152233e-05
"sigma_u"	0.680837545481011	0.150434460206024	0.00043426688047672	0.00123338816326304
"sigma_z1"	0.482040646607361	0.0733467638613228	0.000211733869297613	0.000288649262228109
"u1out"	0.0762422407149776	0.0303263935720596	8.75447574618958e-05	0.00032100574695587
"v1out"	0.131686621723823	0.0492284595452649	0.000142110321851246	0.000357384579768985
