"Mean"	"SD"	"Naive SE"	"Time-series SE"
"CACE"	-0.0173910707328575	0.0532813575072408	0.000153810030497971	0.000376762911809801
"b1out"	0.0871335582675524	0.0196693339890964	5.67804763669273e-05	0.000152974832848131
"pia"	0.0979884121314327	0.0048307093725604	1.3945056783123e-05	3.37474471288888e-05
"pic"	0.160082871736238	0.00861492165614547	2.48691366861156e-05	8.06825561344895e-05
"pin"	0.741928716132329	0.00708750255436802	2.04598575382327e-05	4.9538632796107e-05
"s1out"	0.151278483277932	0.00701343268811287	2.02460362521264e-05	4.74834914496427e-05
"sigma_b"	0.736071765354126	0.155765891632433	0.000449657397322736	0.0009833465645945
"u1out"	0.109612605988328	0.0180583509014564	5.21299687703829e-05	8.89010727848152e-05
"v1out"	0.127003676721186	0.0501369468452514	0.000144732898787259	0.000365990680318174
