"Mean"	"SD"	"Naive SE"	"Time-series SE"
"CACE"	-0.022820325651455	0.0593663260079794	0.00017137582150753	0.00057340233882296
"b1out"	0.101082987854625	0.0155556797811069	4.49053795452485e-05	7.66715959581931e-05
"pia"	0.0978690193901345	0.00890318375313709	2.5701277682592e-05	0.000119026927981768
"pic"	0.158294619556208	0.0149624776481267	4.31929524894485e-05	0.00025749108825575
"pin"	0.743836361053657	0.021018532992973	6.06752784073199e-05	0.000376701818532436
"s1out"	0.152008700885962	0.00656459333769366	1.89503486531893e-05	5.20010026083054e-05
"sigma_v"	0.91354592907555	0.270678361968678	0.000781381125732117	0.00313720851665409
"sigma_z1"	0.482590316582135	0.0732664780725068	0.000211502104188688	0.000288445944863439
"u1out"	0.107427232548962	0.018670415981248	5.38968484632793e-05	9.01197117700193e-05
"v1out"	0.0714156711738391	0.0502771543058194	0.000145137642862766	0.000575440562103551
