"Mean"	"SD"	"Naive SE"	"Time-series SE"
"CACE"	-0.0252635793795151	0.0518962183212705	0.000149811478088546	0.000358722599103791
"alpha_z1"	1.5461871691277	0.121278090978932	0.000350099692367453	0.00216368982063995
"alpha_z2"	-0.48660352171897	0.0899612735853123	0.000259695827605608	0.000768072591894317
"b1out"	0.101216005579773	0.0156227769136808	4.50990722830153e-05	7.6622149157421e-05
"pia"	0.0977225387100919	0.00902754471360768	2.60602768526139e-05	0.000123130605956326
"pic"	0.158999356262679	0.0149454552476239	4.31438130518859e-05	0.000259731109491117
"pin"	0.743278105027229	0.0211870742781934	6.11618151892779e-05	0.000379597800733366
"s1out"	0.150677563725442	0.00683716714282804	1.97372014520312e-05	4.56655551324929e-05
"sigma_z1"	0.48192185853773	0.0730722712940323	0.000210941477509535	0.000294429297532575
"u1out"	0.107251001477928	0.0185717351381441	5.36119814066295e-05	9.07334573487848e-05
"v1out"	0.132514580857443	0.0484828775382946	0.00013995801198911	0.000348293154150164
