"Mean"	"SD"	"Naive SE"	"Time-series SE"
"CACE"	-0.0231461385710869	0.0514185368909555	0.000148432530576649	0.000344396754757671
"b1out"	0.087300619023706	0.0196142274701528	5.66213975491965e-05	0.00014953647558043
"pia"	0.0975421237710627	0.00885579453298002	2.55644767875202e-05	0.000116477037093797
"pic"	0.159518056424144	0.0148666138692033	4.29162175966137e-05	0.000251930511684077
"pin"	0.742939819804794	0.0208804610056583	6.02766989121014e-05	0.000366647446145322
"s1out"	0.150673859741372	0.00683407216573873	1.97282670227529e-05	4.36236414878852e-05
"sigma_b"	0.736915801188491	0.155850940478175	0.000449902912192652	0.000981216626465348
"sigma_z1"	0.481740622378053	0.0729464775102917	0.000210578342135009	0.000287137483734233
"u1out"	0.109650474368814	0.0181484244545979	5.23899887211484e-05	8.77754653845988e-05
"v1out"	0.1327966129399	0.0480930048026691	0.000138832546344795	0.000336116258547188
