"Mean"	"SD"	"Naive SE"	"Time-series SE"
"CACE"	-0.0353438249566074	0.052581726093276	0.00015179036857204	0.000391857362449028
"Sigma_z[1,1]"	0.127329438231638	0.0514914022558409	0.000148642874766805	0.000414871006876021
"Sigma_z[2,1]"	0.0413366000435934	0.0456283819992905	0.000131717793149887	0.000444470051445119
"Sigma_z[1,2]"	0.0413366000435934	0.0456283819992905	0.000131717793149887	0.000444470051445119
"Sigma_z[2,2]"	0.152207769465312	0.0690409099131018	0.00019930393961713	0.000677818487615727
"b1out"	0.102018491943994	0.0157664934853797	4.55139462898022e-05	8.29534740097124e-05
"pia"	0.0967961008969143	0.00905997706053558	2.61539009737602e-05	0.000155666730534669
"pic"	0.156767755677375	0.0127288872730932	3.67451324680238e-05	0.000220865375074994
"pin"	0.746436143425711	0.0154379043266163	4.45653910934781e-05	0.000304153504045924
"s1out"	0.149730478741361	0.00683633956142756	1.97348124303094e-05	4.69970344535414e-05
"u1out"	0.106269416145193	0.018852285428791	5.44218603357609e-05	9.85316431159778e-05
"v1out"	0.1416132411018	0.0488026966234416	0.000140881250163618	0.000367357182417717
