"Mean"	"SD"	"Naive SE"	"Time-series SE"
"CACE"	-0.0396594405711555	0.0524396137257896	0.000151380125503923	0.000390801499700136
"b1out"	0.102156928175202	0.0157166716599473	4.53701230681777e-05	8.10729136985714e-05
"pia"	0.0967352785675324	0.0138655721451926	4.00264590524755e-05	0.00022392777600943
"pic"	0.15650571642655	0.0151713298771291	4.37958569426254e-05	0.000281243264717199
"pin"	0.746759005005918	0.0230723313200093	6.66040834921979e-05	0.000417207605484351
"s1out"	0.149273936338398	0.0068194298913652	1.96859984174974e-05	4.8114884289325e-05
"sigma_z1"	0.501930982954229	0.0780383059085131	0.000225277184616912	0.000356617382930695
"sigma_z2"	0.542800323388731	0.0900542305244387	0.000259964171174746	0.00044559962957344
"u1out"	0.106143685034461	0.0188178705311267	5.43225130836077e-05	9.69910257330941e-05
"v1out"	0.145803125605616	0.0487285245679224	0.000140667133882516	0.000380461158543836
