"Mean"	"SD"	"Naive SE"	"Time-series SE"
"CACE"	-0.010005729952813	0.0608130237023627	0.000175552078023971	0.000490431870654378
"b1out"	0.109230788529586	0.0168996510551144	4.87850904294053e-05	0.000112803827849126
"pia"	0.0991976318987265	0.0048426058351668	1.3979398912564e-05	3.43270112431058e-05
"pic"	0.157955331423199	0.00855900243376025	2.47077117956307e-05	8.06420813454892e-05
"pin"	0.742847036678074	0.00706143030108997	2.03845934259904e-05	4.96323170811881e-05
"s1out"	0.151271498833148	0.0070255124923969	2.02809076434021e-05	4.9000410727832e-05
"sigma_u"	0.681319787538561	0.151041457198076	0.000436019129860512	0.00122062274705617
"u1out"	0.0759468731058087	0.0303350833596115	8.75698427178072e-05	0.000318092179882328
"v1out"	0.126680995110345	0.0508087702057907	0.000146672285777535	0.000392346988916738
