"Mean"	"SD"	"Naive SE"	"Time-series SE"
"CACE"	-0.0173459288005599	0.0612261223810388	0.000176744591190649	0.000584397452773656
"b1out"	0.101166540342791	0.0155816835916256	4.49804460802631e-05	7.65132311529926e-05
"pia"	0.0983360602533569	0.00483365147934103	1.39535499138319e-05	3.42989373421014e-05
"pic"	0.159046870490405	0.00859190602886971	2.48026962930995e-05	8.19643979626517e-05
"pin"	0.742617069256238	0.00708133280965976	2.0442047019392e-05	5.11588819224867e-05
"s1out"	0.152765401034366	0.00681437988420451	1.96714203025292e-05	5.67139550004533e-05
"sigma_v"	0.928461027853189	0.288683260398367	0.00083335679050768	0.00358926763825303
"u1out"	0.107369693457334	0.018707346368987	5.40034573097911e-05	9.16041666855985e-05
"v1out"	0.0669671899211726	0.0503657565858436	0.00014539341561388	0.00056442638229139
