"Mean"	"SD"	"Naive SE"	"Time-series SE"
"CACE"	-0.0243470846532099	0.0528257327856794	0.000152494755219756	0.000377344021865
"alpha_z1"	1.54640604051601	0.106775348146212	0.000308233879975158	0.00161150437003548
"b1out"	0.101161944900838	0.0155299682774822	4.48311568275534e-05	7.62997395531429e-05
"pia"	0.0975948280807063	0.00781073970014403	2.25476633422413e-05	8.0061759207542e-05
"pic"	0.158893438121823	0.0133588538542172	3.85636893439859e-05	0.000196244870792054
"pin"	0.743511733797471	0.017868094214135	5.15807450221822e-05	0.000265113789403475
"s1out"	0.15077816362964	0.00691137887414995	1.99514322673098e-05	4.69278454839347e-05
"sigma_z1"	0.394067188219207	0.0643768286259204	0.000185839896683748	0.000255572794343268
"u1out"	0.107236669392919	0.0185193398546959	5.34607292516143e-05	9.01573796371558e-05
"v1out"	0.131583754046129	0.0493020138025032	0.000142322654702329	0.000366521349091371
