"Mean"	"SD"	"Naive SE"	"Time-series SE"
"CACE"	-0.0200564411041953	0.136042345350646	0.000392720423546916	0.000648124778228007
"alpha_b1"	-2.52558143867633	0.759287604651234	0.00219187451468868	0.00337559826730043
"alpha_s1"	-2.14680945798915	0.305805620518651	0.000882784786630718	0.00132244762350431
"alpha_u"	-2.31545082370793	1.09723004806923	0.00316743031807858	0.00639817527526336
"alpha_v"	-2.18973340073911	1.18815495241209	0.00342990790807054	0.00707865643761094
"alpha_z1"	1.43092484514247	0.516138630043748	0.00148996388497461	0.00913721139618411
"alpha_z2"	-0.167577048317227	0.633416407622619	0.00182851566725022	0.0102829819544131
"pi_a"	0.141794357976363	0.0349331438312249	0.000100843299972988	0.000339746834874054
"pi_c"	0.176486433863323	0.0620818925286989	0.000179214986816229	0.000835302328452411
"pi_n"	0.681719208160313	0.0504003882369822	0.000145493388579417	0.000477161607426379
