"Mean"	"SD"	"Naive SE"	"Time-series SE"
"CACE"	0.20260508403894	0.211083309229689	0.00060934502702599	0.00130283206533227
"alpha_b1"	-2.0476141898289	0.866342517532349	0.0025009154285386	0.00453189153589587
"alpha_s1"	-1.68459804196499	0.208455370081915	0.000601758820154083	0.000949260925204364
"alpha_u"	-0.775149921509384	0.915802190102223	0.00264369320489984	0.00831152567772246
"alpha_v"	-2.23947469828923	1.20392816887201	0.00347544126191613	0.00694198613076626
"alpha_z1"	1.75577172162754	0.496907967570973	0.00143444974419786	0.00875422569922932
"alpha_z2"	-0.327285777643096	0.660487613411558	0.00190666350699788	0.0111695790923158
"pi_a"	0.0982059579230334	0.0271336211078676	7.83280172535834e-05	0.000302486236237075
"pi_c"	0.142366272390212	0.0504104031523799	0.000145522299149921	0.000698321474745807
"pi_n"	0.759427769686755	0.0401174394830633	0.000115809072423725	0.00040555640623295
