"Mean"	"SD"	"Naive SE"	"Time-series SE"
"CACE"	-0.0735971685935266	0.203616598733537	0.000587790490451417	0.00113728090997433
"alpha_b1"	-1.1592791997462	0.446461237603438	0.00128882257856539	0.0022594405496448
"alpha_s1"	-1.5113312256925	0.170684208213544	0.000492722867792538	0.000850610409006159
"alpha_u"	-2.00021685206192	1.07386959686411	0.00309999450412023	0.00569127135023564
"alpha_v"	-1.64606885731072	1.28724937668599	0.00371596887071917	0.00695355511821802
"alpha_z1"	1.81257671747193	0.331299881406411	0.000956380378562411	0.0044952280042306
"alpha_z2"	-0.214030367591739	0.446635466722723	0.00128932553470999	0.00576338085732647
"pi_a"	0.103012617753078	0.0205140082507706	5.92188409287031e-05	0.000179911678191176
"pi_c"	0.13029898170106	0.0349066876958909	0.000100766927688704	0.000410267413310456
"pi_n"	0.766688400545862	0.0287541460533607	8.30060698211282e-05	0.000238752449452585
