"Mean"	"SD"	"Naive SE"	"Time-series SE"
"CACE"	0.00332172962563591	0.257106715249872	0.00074220315629987	0.00150923135937355
"alpha_b1"	-1.25730936275922	0.601443333389103	0.00173621735217252	0.00329652251046896
"alpha_s1"	-1.68655249335745	0.166573963471833	0.00048085761325223	0.000817992421881452
"alpha_u"	-1.30705208159647	1.00660381334095	0.00290581491299852	0.0068334988110608
"alpha_v"	-1.58694047372003	1.40195351065749	0.00404709118384722	0.00865023780459276
"alpha_z1"	2.14212448281355	0.400323247171796	0.00115563367258751	0.00628099678453146
"alpha_z2"	-0.266057602843825	0.557979413757221	0.00161074782367501	0.008105041480177
"pi_a"	0.0761425459474446	0.0185464022448632	5.35388516428543e-05	0.000190152012564141
"pi_c"	0.102436120836756	0.0325586455939743	9.39887139906533e-05	0.000420788716271194
"pi_n"	0.8214213332158	0.0261238898364045	7.54131741466412e-05	0.000246700636129605
