"Mean"	"SD"	"Naive SE"	"Time-series SE"
"CACE"	-0.160626656729563	0.213296273396572	0.000615733304313275	0.00119470176613566
"alpha_b1"	-1.90335569504854	0.794209845785543	0.00229268634128667	0.00363950002783483
"alpha_s1"	-1.62347587218189	0.211442248210355	0.000610381194611541	0.00114366324473996
"alpha_u"	-2.32939970652246	0.997300538172579	0.00287895867088448	0.00505629232447937
"alpha_v"	-1.3251017604484	1.26532631136347	0.00365268243239208	0.00728755646626897
"alpha_z1"	1.61271112007382	0.269960941723702	0.000779310111874322	0.00219904959016285
"alpha_z2"	-1.10050268934673	0.477763952137624	0.00137918573187878	0.00375240943109327
"pi_a"	0.054646928130483	0.0170299951571505	4.91613614413944e-05	0.000105075832850964
"pi_c"	0.160482275701227	0.0353403163755103	0.000102018705863237	0.000273423843345668
"pi_n"	0.78487079616829	0.0310498710475034	8.96332570378962e-05	0.000185190448433947
