"Mean"	"SD"	"Naive SE"	"Time-series SE"
"CACE"	-0.26546028294118	0.327663209459756	0.000945882210925633	0.0022049980449263
"alpha_b1"	-2.07495491401725	0.623073343459659	0.00179865781285657	0.00331981337277285
"alpha_s1"	-2.11429538250792	0.261004900288853	0.000753456247207904	0.00149818982928258
"alpha_u"	-1.63562976087219	1.07314837620184	0.00309791251940271	0.0065854306664186
"alpha_v"	-0.479073750506228	1.51406423778981	0.00437072697629167	0.0110521711555695
"alpha_z1"	2.0366775834779	0.466620203801098	0.00134701650136941	0.00889656571297751
"alpha_z2"	0.131413164117821	0.585023679341111	0.00168881789374948	0.0106965727933558
"pi_a"	0.11738649186004	0.0237226231487248	6.84813143040015e-05	0.000290342912167235
"pi_c"	0.109277917488266	0.0395418718910837	0.000114147551902894	0.000654775739181498
"pi_n"	0.773335590651694	0.0307224031349002	8.86879386004341e-05	0.000349422822404075
