"Mean"	"SD"	"Naive SE"	"Time-series SE"
"CACE"	0.0830757180447718	0.128734839571406	0.000371625471403173	0.00063769674416429
"alpha_b1"	-3.13068667156699	1.10998207915671	0.00320424226098395	0.00591427791938893
"alpha_s1"	-1.68958033537453	0.181075757520078	0.000522720686739662	0.000802959876527276
"alpha_u"	-1.22513358376584	0.652477201593873	0.00188353943990158	0.00513898309463087
"alpha_v"	-2.21347372057948	1.13017243761014	0.00326252680542454	0.00515581965520339
"alpha_z1"	1.56702834056283	0.319677776579178	0.000922830251809647	0.00397293239230492
"alpha_z2"	-0.583401222197895	0.473293145230427	0.00136627962402196	0.0053765226644095
"pi_a"	0.0897818307780881	0.0221524103303497	6.39485003371322e-05	0.000185732826220236
"pi_c"	0.161740809293736	0.0402090413022943	0.000116073504098682	0.000423924038549234
"pi_n"	0.748477359928176	0.0326376859157428	9.42168837459028e-05	0.000244028762142644
