"Mean"	"SD"	"Naive SE"	"Time-series SE"
"CACE"	0.162329318239451	0.192649799154817	0.000556132067006806	0.00106424214716712
"alpha_b1"	-2.43274181223011	0.833396913984676	0.00240580966315428	0.00452989608261247
"alpha_s1"	-1.4088018670476	0.145443985005954	0.000419860619475997	0.000674496420980389
"alpha_u"	-0.85171028389613	0.758060605554465	0.00218833247339461	0.00655278473691129
"alpha_v"	-2.14632721351229	1.23036054457617	0.00355174495805674	0.00677411796983979
"alpha_z1"	2.04309691931844	0.419851437394986	0.00121200670199823	0.00741191748042744
"alpha_z2"	-0.206496136015358	0.561108103749546	0.0016197795737214	0.00938081070335049
"pi_a"	0.0868101733389509	0.0198639957688099	5.73424165215199e-05	0.000232197910806162
"pi_c"	0.110907699295718	0.0358461339935829	0.000103478875553012	0.000527458789911964
"pi_n"	0.802282127365331	0.0284519543348512	8.21337174709864e-05	0.000298587794426297
