"Mean"	"SD"	"Naive SE"	"Time-series SE"
"CACE"	-0.23946585718036	0.264589384831376	0.000763803762785563	0.00164567980457287
"alpha_b1"	-2.79500789033345	0.824881260424007	0.00238122708877639	0.00346362528937452
"alpha_s1"	-1.78446509560067	0.230568014485933	0.000665592526149854	0.00123281570880896
"alpha_u"	-2.82123669291958	1.0049229715056	0.00290096274056799	0.00428779172564173
"alpha_v"	-1.07329598420665	1.42956370589576	0.00412679495211317	0.00841775574700967
"alpha_z1"	1.82525681705269	0.363945855122244	0.00105062118712638	0.00429144722518921
"alpha_z2"	-0.557651879511723	0.541944267149013	0.00156445834262129	0.00621733851220387
"pi_a"	0.0758345699067177	0.0211408243570391	6.10283031671355e-05	0.000171873199348485
"pi_c"	0.133641467027052	0.038574873076828	0.000111356066774311	0.000399800484171401
"pi_n"	0.790523963066231	0.0320607019385025	9.25512744730138e-05	0.000237064627056233
