"Mean"	"SD"	"Naive SE"	"Time-series SE"
"CACE"	-0.218168571762862	0.173222754044485	0.000500051018386759	0.00109006362342451
"alpha_b1"	-2.34422353853274	0.58553240326988	0.00169028645323557	0.00254641864303711
"alpha_s1"	-1.64336299403622	0.256718943369815	0.000741083755303195	0.00150465869008852
"alpha_u"	-2.70553421544065	0.98607480421701	0.00284655276827899	0.00459416756484102
"alpha_v"	-0.979851549538105	0.964088689462217	0.00278308432191842	0.00680355391243947
"alpha_z1"	1.01965678440987	0.246742886260659	0.000712285359016084	0.00222834559849926
"alpha_z2"	-0.616057335514538	0.366855579083535	0.00105902083668797	0.00324626495051443
"pi_a"	0.126951537495952	0.0263585414342916	7.60905549626709e-05	0.000185732117589232
"pi_c"	0.234453405020581	0.044329128416707	0.000127967171121636	0.000396809476409936
"pi_n"	0.638595057483467	0.0354078697915427	0.000102213715777892	0.000227401107766415
