"Mean"	"SD"	"Naive SE"	"Time-series SE"
"CACE"	-0.266238251018108	0.312660989195441	0.000902574531385413	0.0020842026215063
"alpha_b1"	-3.5172414596415	1.07894155261996	0.00311463597922503	0.00514608512157104
"alpha_s1"	-1.80971195994603	0.228805141657384	0.000660503550639305	0.00141337386839351
"alpha_u"	-0.648023720863183	0.513008578977049	0.00148092820584493	0.00515734043941013
"alpha_v"	0.211484912462375	1.37330187832369	0.00396438104564399	0.0100675583683737
"alpha_z1"	1.88191439088848	0.345732107408953	0.00099804262640028	0.00510865788942579
"alpha_z2"	-0.174273836056848	0.467310723314072	0.00134900985950289	0.00686317820192063
"pi_a"	0.101188349219514	0.0203519210187214	5.87509353934239e-05	0.000209361138478789
"pi_c"	0.123481559388531	0.034963491922824	0.000100930907367259	0.000453746339606755
"pi_n"	0.775330091391955	0.0280191034446442	8.08841845810864e-05	0.000267665333654559
