"Mean"	"SD"	"Naive SE"	"Time-series SE"
"CACE"	-0.184042363970881	0.230155932791159	0.000664402948762826	0.00154247539491827
"alpha_b1"	-1.7853235068724	0.668633290163908	0.00193017805032639	0.00364937582384833
"alpha_s1"	-1.6488469938444	0.257708788164257	0.000743941191095831	0.00157416940357874
"alpha_u"	-1.56986432181952	0.886192879467884	0.00255821848757356	0.00618518486461496
"alpha_v"	-0.804140724241909	1.07857422002155	0.00311357558135217	0.00795370086874269
"alpha_z1"	1.24193930917704	0.282676156888317	0.000816015776364794	0.00306668003168372
"alpha_z2"	-0.584418745352551	0.416391294645222	0.00120201813025818	0.00415532277215239
"pi_a"	0.112893006918302	0.0253640214996612	7.32196232028044e-05	0.000193279967919179
"pi_c"	0.202716976104431	0.0445315225610294	0.000128551432690171	0.000434306304123809
"pi_n"	0.684390016977267	0.035790192108594	0.000103317385241226	0.000257824038357807
