"Mean"	"SD"	"Naive SE"	"Time-series SE"
"CACE"	-0.605521529737893	0.301011271002273	0.00086894469171137	0.00165655163231829
"alpha_b1"	-2.31444322540099	1.16144485985465	0.00335280251242994	0.00505672229768806
"alpha_s1"	-1.99652324085897	0.417421288540402	0.00120499146652141	0.00219390046931249
"alpha_u"	-2.09660858628745	1.0377727167801	0.00299579178695319	0.00519740646824924
"alpha_v"	0.745455999623309	1.46138093237291	0.00421864337347042	0.00826309341960253
"alpha_z1"	1.43853129830116	0.395182028585664	0.00114079225291418	0.00440568429128505
"alpha_z2"	-1.09496577807369	0.703207276744915	0.0020299845526239	0.00646457639273847
"pi_a"	0.065770791942838	0.0293290563993521	8.46656930362182e-05	0.000199789379307659
"pi_c"	0.186255555571142	0.0544358743269808	0.000157142833481275	0.000439197162663954
"pi_n"	0.74797365248602	0.0476192024960769	0.000137464796898526	0.000274289274717345
