"Mean"	"SD"	"Naive SE"	"Time-series SE"
"CACE"	0.0175391102433258	0.268951643578514	0.000776396519095238	0.00130436645207273
"alpha_b1"	-2.60384667993167	1.11619516978761	0.00322217790872518	0.0055480232024802
"alpha_s1"	-2.12960851036692	0.277140402436445	0.000800035429750013	0.00115137110318505
"alpha_u"	-1.39941176746507	1.2121389403981	0.00349914371767035	0.0113829096827872
"alpha_v"	-1.74915058802417	1.48367322876378	0.00428299569008106	0.0123464144985957
"alpha_z1"	2.11611814289926	0.736334173746141	0.00212561366712928	0.0163636447725361
"alpha_z2"	-0.195941300286764	0.962773486244113	0.00277928765725836	0.0196539419588817
"pi_a"	0.0846276878122563	0.0300556047872161	8.6763057572781e-05	0.000396482786213568
"pi_c"	0.114453046447566	0.0543307218966814	0.000156839284561579	0.000889158794182886
"pi_n"	0.800919265740178	0.0425594452117891	0.000122858535747938	0.000498552828319409
