"Mean"	"SD"	"Naive SE"	"Time-series SE"
"CACE"	-0.0540017300489771	0.222370068486835	0.000641927094502947	0.00131311875755328
"alpha_b1"	-2.25021014187732	0.617571488388338	0.00178277532532422	0.00329941047918581
"alpha_s1"	-1.98560015744326	0.212589158461435	0.000613692039322529	0.00107959727947898
"alpha_u"	-1.61429673406736	1.00443849955467	0.00289956419051155	0.00700378082232284
"alpha_v"	-1.51049814153393	1.30163659504754	0.00375750119268882	0.00862162506631475
"alpha_z1"	1.81522710641332	0.416805262976449	0.00120321315389553	0.0084058821601538
"alpha_z2"	0.0951312122041488	0.520779630664199	0.00150336129976225	0.0102701572833903
"pi_a"	0.134271900219085	0.0245280075956857	7.08062589402716e-05	0.000309737914210543
"pi_c"	0.127711857498206	0.0400365775916143	0.000115575644249749	0.000617110689501163
"pi_n"	0.738016242282709	0.0304812738789623	8.7991858396308e-05	0.000331734579374182
