"Mean"	"SD"	"Naive SE"	"Time-series SE"
"CACE"	-0.0963995636450524	0.272937351389255	0.000787902266482448	0.00178881272709109
"alpha_b1"	-3.04826081396878	1.14439083574095	0.00330357178536588	0.00597029623592565
"alpha_s1"	-1.98666964534766	0.265160751662255	0.000765453156753632	0.00154424661958316
"alpha_u"	-0.969112582329554	0.623087971176899	0.001798700039439	0.00515452565359078
"alpha_v"	-0.832987076442904	1.31472930557346	0.00379529659242164	0.00915582707950934
"alpha_z1"	1.66226182814975	0.349121280795084	0.00100782632723434	0.00448784646830423
"alpha_z2"	-0.570561831527455	0.522084625523384	0.00150712849542845	0.00641281265983481
"pi_a"	0.084852440941654	0.02270228115975	6.5535840694001e-05	0.000209061043764813
"pi_c"	0.151244759161155	0.0412757437945873	0.000119152808954035	0.000468817843119996
"pi_n"	0.763902799897191	0.033044756158366	9.53919943166907e-05	0.000265953836602613
