"Mean"	"SD"	"Naive SE"	"Time-series SE"
"CACE"	-0.00849410696548059	0.193248529080354	0.000557860451425208	0.00112519202016851
"alpha_b1"	-1.40649730095422	0.504326347925393	0.00145586476367073	0.00268396611471362
"alpha_s1"	-2.09704291861922	0.239267875911261	0.000690706862828982	0.00117145003261966
"alpha_u"	-1.60815702275219	1.01975047236254	0.00294376604862381	0.0061314886359022
"alpha_v"	-1.72966293060653	1.23186471649194	0.00355608712835912	0.00730939251609158
"alpha_z1"	1.6229667393205	0.36722365357055	0.00106008337620877	0.00552666080752683
"alpha_z2"	-0.112862053131847	0.474949140083337	0.00137106006939248	0.00663554300349231
"pi_a"	0.129466382579754	0.0252210186935562	7.28068096598062e-05	0.000249881387380207
"pi_c"	0.149190096552144	0.0427108772144485	0.000123295682285435	0.000557418084190745
"pi_n"	0.721343520868102	0.0337947668867064	9.75570887962029e-05	0.000317883048879163
