"Mean"	"SD"	"Naive SE"	"Time-series SE"
"CACE"	-0.0412084100709574	0.0474703776546632	8.66686555158273e-05	0.000527501281537364
"b1out"	0.123838318175348	0.0201348093257885	3.67609641959992e-05	5.72875114475856e-05
"pia"	0.152871904309496	0.00863917575691696	1.57729048010506e-05	2.20394759536921e-05
"pic"	0.630162405446187	0.0132806317998182	2.42470053822695e-05	4.05772398133518e-05
"pin"	0.216965690244317	0.0100588228799773	1.83648139777088e-05	2.58469348801904e-05
"s1out"	0.023543774006372	0.00815582625883445	1.48904333901887e-05	2.23653995739373e-05
"sigma_v"	0.701347875847998	0.164783346996063	0.000300851854169816	0.000639187866066855
"u1out"	0.0858282520524436	0.0111027608402214	2.02707752092476e-05	3.15961968912101e-05
"v1out"	0.083509404408778	0.0389639175465399	7.11380552300374e-05	0.000483640530117824
