"Mean"	"SD"	"Naive SE"	"Time-series SE"
"CACE"	0.0412915781645857	0.066571364971243	0.00012154212759553	0.000884835462964042
"b1out"	0.0985320277043301	0.0404461380839459	7.38442073084864e-05	0.000382962590273234
"pia"	0.118326386802943	0.0707775984669925	0.000129221624154716	0.00210881144257304
"pic"	0.654160002747223	0.053744755730585	9.81240502041548e-05	0.00156754388897949
"pin"	0.227513610449834	0.0209788527785073	3.83019696578947e-05	0.000526728429458991
"s1out"	0.0915115049506365	0.0603737748466952	0.000110226927884243	0.000566830798974295
"sigma_b"	0.91618019897256	0.291533618171318	0.000532265129811762	0.00144421541303814
"sigma_s"	1.55951806922698	0.477443360467621	0.000871688328197287	0.0022170423259462
"sigma_u"	0.772059298568554	0.20652922093549	0.000377069043634453	0.00121024340813071
"sigma_v"	0.784775454271901	0.227179089385006	0.000414770372832168	0.00165970795233369
"sigma_z2"	2.02404171852889	0.538992905846292	0.000984061909557573	0.00359534447612837
"u1out"	0.127016685043547	0.0492620485611682	8.99397840862225e-05	0.000666800955227165
"v1out"	0.0857251068789611	0.0445517806686347	8.13400508307794e-05	0.000563661935438827
