"Mean"	"SD"	"Naive SE"	"Time-series SE"
"CACE"	0.0120268845361034	0.0140367561935857	2.56274933380908e-05	3.84234440661277e-05
"alpha_z1"	-2.84593664697185	0.609824790080649	0.00111338264551008	0.0197539258710676
"alpha_z2"	-1.40317088893409	0.0717592024952099	0.000131013779717358	0.000190701115806262
"b1out"	0.123791215959881	0.0202910282593559	3.70461796420801e-05	5.81787112857447e-05
"pia"	0.187291767786242	0.0125106768583109	2.28412664165158e-05	0.000180848738703489
"pic"	0.760764039106593	0.0287382632404493	5.24686501343853e-05	0.000849387687544122
"pin"	0.0519441931071649	0.0329828301239376	6.02181335641385e-05	0.00106693321162229
"s1out"	0.0173311019964455	0.00582645097965496	1.06375954391837e-05	1.37946320998871e-05
"sigma_z1"	1.76886187319056	0.507066291980875	0.000925772154228087	0.0037446076336792
"u1out"	0.0857069255259801	0.0111930054407317	2.04355385538893e-05	3.23018354707178e-05
"v1out"	0.0736800409898767	0.00843753334641657	1.54047578117814e-05	2.02973489110785e-05
