"Mean"	"SD"	"Naive SE"	"Time-series SE"
"CACE"	0.0216182060272976	0.0634214425077252	0.000115791182303327	0.000778124387603286
"b1out"	0.101661598606918	0.0425287041834018	7.7646435409045e-05	0.000397681652302886
"pia"	0.113956084968021	0.0691389883672048	0.000126229945106018	0.00207651454761059
"pic"	0.828398323140625	0.0707546547113477	0.000129179734779648	0.00215198417908864
"pin"	0.0576455918913543	0.0315645884064919	5.76287902953388e-05	0.000909569081251098
"s1out"	0.108939552063381	0.0975272439029714	0.000178059571523219	0.000841231421995637
"sigma_b"	0.924395203505643	0.294584160055403	0.000537834631820189	0.00155909244756746
"sigma_s"	1.99097413571976	0.814947723096444	0.00148788417042465	0.00513283201344037
"sigma_u"	0.756416636532304	0.1986186157182	0.000362626320564361	0.00114693376081986
"sigma_v"	0.68325266786724	0.162134655922825	0.000296016028007566	0.000645569747946287
"sigma_z1"	1.69787274424025	0.482881362137466	0.000881616715471704	0.00319462825884805
"sigma_z2"	2.01538688045896	0.542435656998171	0.000990347484443443	0.00366039483844051
"u1out"	0.127603348776161	0.0487208363615719	8.89516703191696e-05	0.000641261759432109
"v1out"	0.105985142748863	0.0400166790785707	7.30601260259273e-05	0.000445405016627144
