"Mean"	"SD"	"Naive SE"	"Time-series SE"
"CACE"	0.0535878178706118	0.0486163577311805	8.87609193103608e-05	0.000605033707170952
"b1out"	0.126243207616176	0.0193104221074887	3.52558459440599e-05	7.0228366986256e-05
"pia"	0.111512785624257	0.0698088618586189	0.000127452961179092	0.00218487323741383
"pic"	0.832721610957761	0.0722502158466243	0.000131910243346045	0.00227625088126397
"pin"	0.0557656034179816	0.0343058778802752	6.26336772334809e-05	0.00109383080287278
"s1out"	0.0170199229286099	0.00572486932828085	1.04521335662296e-05	1.37590483672503e-05
"sigma_u"	0.740469803372807	0.190368446163653	0.000347563640670136	0.00105679817462955
"sigma_z1"	1.73236707088904	0.488802284721649	0.000892426791673699	0.00336316256292035
"sigma_z2"	2.01816562930853	0.546063370338322	0.000996970752538655	0.00388386903827528
"u1out"	0.0799951321158133	0.0407822985449358	7.44579495332382e-05	0.000557008325675988
"v1out"	0.0730378598866186	0.00825934634614905	1.5079434346779e-05	1.99621048595664e-05
