"Mean"	"SD"	"Naive SE"	"Time-series SE"
"CACE"	0.0218799810923548	0.0131370507110099	2.39848633783646e-05	3.43370696458054e-05
"Sigma_z[1,1]"	4.38987863955951	3.60475557811957	0.00658135314809555	0.0346151835150023
"Sigma_z[2,1]"	1.23302491371859	2.56855111982352	0.004689511294775	0.0212086615988722
"Sigma_z[1,2]"	1.23302491371859	2.56855111982352	0.004689511294775	0.0212086615988722
"Sigma_z[2,2]"	6.49926554027704	5.2520647735203	0.00958891449978443	0.0506116938362659
"b1out"	0.113194730151011	0.016733374001185	3.05508213453983e-05	4.17279979221808e-05
"pia"	0.122493500441815	0.084220332401838	0.000153764586190233	0.00515723759909133
"pic"	0.821904102426226	0.0910049726236285	0.000166151587837005	0.00542063078358838
"pin"	0.0556023971319593	0.0388029603939347	7.08441890191252e-05	0.00235142300015396
"s1out"	0.109824355700904	0.104826305388972	0.000191385773604885	0.000939124804122453
"sigma_s"	2.18631679044128	0.879056922448848	0.00160493101918768	0.005528482569628
"u1out"	0.0909701762464545	0.0100580921089994	1.83634797785455e-05	2.5076836388195e-05
"v1out"	0.0690901951540997	0.00845048654700412	1.54284070122936e-05	2.37291375719131e-05
