"Mean"	"SD"	"Naive SE"	"Time-series SE"
"CACE"	0.0549196154098244	0.0490258188917819	8.95084896906395e-05	0.000624830504220045
"b1out"	0.122740922466212	0.0178557798923462	3.26000447629506e-05	6.11334880657926e-05
"pia"	0.117676441561419	0.0688012906814798	0.000125613396305722	0.00197284590646192
"pic"	0.654178208724626	0.0523386749498631	9.55569096665686e-05	0.00146937817261691
"pin"	0.228145349713955	0.0205558633842674	3.75297002151925e-05	0.000498480693457189
"s1out"	0.0220598118245309	0.00763233388083498	1.39346714431476e-05	1.94767220507578e-05
"sigma_u"	0.762291084373244	0.203081346768001	0.000370774115444543	0.00125917905259406
"sigma_z2"	2.02016775352341	0.534661553894865	0.000976153978996605	0.00327585525218762
"u1out"	0.0765292879234355	0.0410374521386186	7.49237941295334e-05	0.000595111980567089
"v1out"	0.0697550328884439	0.00864722074294398	1.578759286879e-05	2.23283911746741e-05
