"Mean"	"SD"	"Naive SE"	"Time-series SE"
"CACE"	-0.0153060017788961	0.0414785232654707	7.57290761483371e-05	0.000457335210002811
"b1out"	0.113335702607495	0.0168445819384385	3.07538583314229e-05	4.22360292745293e-05
"pia"	0.110941872263457	0.0650182078154081	0.000118706463563526	0.00185491431338378
"pic"	0.833223464330403	0.0687089560461533	0.00012544481709703	0.0020164738163906
"pin"	0.05583466340614	0.0330591880575039	6.03575434396676e-05	0.00100404858422215
"s1out"	0.108515269708864	0.0963089581893453	0.000175835296300421	0.000835296825292605
"sigma_s"	1.98449612020589	0.807983744655067	0.00147516974348358	0.00521166667053597
"sigma_v"	0.683365110901874	0.16224189677113	0.000296211822113241	0.00064195402166284
"sigma_z1"	1.7135604990002	0.48667649513369	0.000888545648640917	0.00360918393905936
"sigma_z2"	2.01539116413843	0.542310564238457	0.000990119097355857	0.0036681287959619
"u1out"	0.0909225401171685	0.0100801613121058	1.84037724464374e-05	2.52938526238099e-05
"v1out"	0.066784953472871	0.0320001758645148	5.84240605504237e-05	0.000399469369328148
