"Mean"	"SD"	"Naive SE"	"Time-series SE"
"CACE"	0.0595614361693697	0.0478636808429004	8.73867256096148e-05	0.000519382435325772
"b1out"	0.12949296952006	0.0211519138561567	3.86179345114103e-05	6.7137759975714e-05
"pia"	0.153819506236485	0.00869116735832335	1.58678280440209e-05	2.26006960196707e-05
"pic"	0.629460590892411	0.0132442843232239	2.41806442728059e-05	4.08964500838347e-05
"pin"	0.216719902871104	0.010007635276978	1.82713586282843e-05	2.57884888369589e-05
"s1out"	0.0220422573403713	0.00760089809151722	1.38772778067398e-05	1.94794968908053e-05
"sigma_u"	0.727545612738608	0.18014966108624	0.000328906777012815	0.000782749185691168
"u1out"	0.083137215721285	0.0399426128146828	7.29249001476556e-05	0.000478805515110061
"v1out"	0.0696082745887749	0.0086194732716586	1.57369331490009e-05	2.19922227225424e-05
