"Mean"	"SD"	"Naive SE"	"Time-series SE"
"CACE"	0.0570746572940258	0.0483738559347208	8.8318173629839e-05	0.000586165874080546
"b1out"	0.126290764564175	0.0193445786655142	3.53182070017844e-05	7.22495624441524e-05
"pia"	0.112465184378479	0.0695721946271623	0.000127020867908122	0.00214747994802869
"pic"	0.829577311634194	0.0719933896095852	0.000131441344934759	0.00221703019263197
"pin"	0.0579575039873268	0.0343608566779113	6.27340543256467e-05	0.00106819259365459
"s1out"	0.110982305535327	0.104445426416489	0.000190690386921856	0.000911961975102133
"sigma_s"	2.18657940381939	0.877393904318465	0.00160189477737584	0.00545887907311479
"sigma_u"	0.739759925355222	0.190243415077804	0.000347335366183106	0.00101061226829709
"sigma_z1"	1.70004453834158	0.483667677331514	0.000883052324035335	0.00359426165405509
"sigma_z2"	2.01422653043149	0.542985555437696	0.000991351457042326	0.00365553836279228
"u1out"	0.0793752533557988	0.0404918973281563	7.39277518760479e-05	0.000551658355725117
"v1out"	0.0688116344411092	0.00850375912163244	1.55256689816947e-05	2.22289351956423e-05
