"Mean"	"SD"	"Naive SE"	"Time-series SE"
"CACE"	0.0132743878380337	0.064445333929496	0.00011766054373046	0.000816104748215755
"b1out"	0.102210482391724	0.0429453211009071	7.84070703542313e-05	0.000411429779340525
"pia"	0.110614543203702	0.0645635796555365	0.000117876429902063	0.00185441655801605
"pic"	0.832278573382317	0.0683721365323428	0.000124829871611957	0.00202700722365412
"pin"	0.0571068834139802	0.0334937635351349	6.11509660797912e-05	0.00102081167877388
"s1out"	0.0230009258672958	0.00792796142034919	1.44744110165198e-05	2.43901768301047e-05
"sigma_b"	0.922942396209936	0.291757580794546	0.000532674027747696	0.00151565532758423
"sigma_u"	0.756223922523337	0.199215781041495	0.000363716590291455	0.00120390912337348
"sigma_v"	0.678571298520575	0.157147201777905	0.000286910224208582	0.000586531759949286
"sigma_z1"	1.71374197050998	0.487580551234257	0.000890196221706019	0.00325984173281574
"sigma_z2"	2.01479187691455	0.541467981417449	0.000988580758630416	0.00362910222958379
"u1out"	0.126771804764774	0.048910831505375	8.92985524060942e-05	0.000666216755500911
"v1out"	0.113497416926741	0.0416919715060501	7.61187775357542e-05	0.000484113941837063
