"Mean"	"SD"	"Naive SE"	"Time-series SE"
"CACE"	0.0244787834858368	0.0131860045025103	2.40742403646319e-05	3.40502011312729e-05
"b1out"	0.0937319601432569	0.0397192029118674	7.25170113365155e-05	0.000353106363171781
"pia"	0.111760577032004	0.0684509700990193	0.000124973801354482	0.00209375469670942
"pic"	0.82992689644115	0.0713834150727176	0.000130327688890272	0.00219480827350663
"pin"	0.0583125265268457	0.0354713024974734	6.47614417398517e-05	0.00111991562873387
"s1out"	0.111352159060692	0.104042428249198	0.000189954616298994	0.000893714166083311
"sigma_b"	0.925390082456189	0.29836597226228	0.000544739244666704	0.00149934310383872
"sigma_s"	2.18370825710735	0.865201299057632	0.00157963422758879	0.0053382325870513
"sigma_z1"	1.71024004760978	0.490105673812716	0.000894806443694979	0.0037732186727402
"sigma_z2"	2.0027124608137	0.540031385474393	0.000985957905283642	0.00384397167368835
"u1out"	0.0933103467650136	0.0101146017427201	1.84666517822295e-05	2.58275209615108e-05
"v1out"	0.0688315632791767	0.00850201201881498	1.552247922295e-05	2.3025353146746e-05
