"Mean"	"SD"	"Naive SE"	"Time-series SE"
"CACE"	-0.012576782938729	0.0415796971385194	7.59137935233337e-05	0.000452956694759602
"b1out"	0.0939757100496186	0.0396094689703529	7.23166654862106e-05	0.00035134079845611
"pia"	0.112065766759135	0.064826171287896	0.000118355854436914	0.001865451380751
"pic"	0.830551965352397	0.0692408053960075	0.000126415836717396	0.00206389115732584
"pin"	0.0573822678884684	0.036900287416888	6.73703993221787e-05	0.00123218740354562
"s1out"	0.107884144979692	0.0959577422670366	0.000175194066689743	0.000827757159991222
"sigma_b"	0.923537267130855	0.294999859539693	0.000538593591769151	0.00145068448565769
"sigma_s"	1.97731883216083	0.809110932275822	0.00147722769710501	0.0052458017117094
"sigma_v"	0.6836451895392	0.163435640315059	0.000298391289669528	0.000701140765579674
"sigma_z1"	1.71794890698397	0.491362126080672	0.000897100401193605	0.00390557813620453
"sigma_z2"	2.00711903028793	0.540047690811159	0.000985987674619491	0.00327949390570674
"u1out"	0.0932728026035461	0.01006753328702	1.83807169324499e-05	2.61908554770074e-05
"v1out"	0.105849585542275	0.0403792563994318	7.37220986175121e-05	0.000447607184220912
