"Mean"	"SD"	"Naive SE"	"Time-series SE"
"CACE"	0.022344914565408	0.0131512016339327	2.40106993106791e-05	3.32000843117048e-05
"alpha_z1"	-2.8729365676216	0.698380388324481	0.00127506230801512	0.0269022279755666
"alpha_z2"	-2.20656901922573	0.762410024130364	0.00139196389428086	0.0267607376151978
"b1out"	0.113222567134503	0.0167886185337775	3.06516836009975e-05	4.20774402709522e-05
"pia"	0.112638018249951	0.0794081954768764	0.000144978866378216	0.00278220264073353
"pic"	0.829681756677623	0.0834748921460032	0.000152403604712256	0.00293744245691226
"pin"	0.0576802250724257	0.0416928911517734	7.61204565714461e-05	0.0015479620401384
"s1out"	0.156776415591368	0.164154783468435	0.000299704259426793	0.00179108470092852
"sigma_s"	3.48247465843291	2.14477001407615	0.00391579639123394	0.0205441757883358
"sigma_z2"	2.41567386382769	0.789633394225086	0.00144166674058816	0.00615123168167865
"u1out"	0.090994597575339	0.0100596631008838	1.83663480041882e-05	2.50855241921843e-05
"v1out"	0.0686496830099309	0.00847011527549075	1.54642440035179e-05	2.19226207589685e-05
