"Mean"	"SD"	"Naive SE"	"Time-series SE"
"CACE"	0.0203010150964215	0.0130507914604597	2.38273762539651e-05	3.25458026772798e-05
"b1out"	0.0941391139256614	0.0401037809931834	7.32191516373783e-05	0.000363363305391518
"pia"	0.110731276827348	0.0651533431845663	0.000118953185863541	0.00183474913623401
"pic"	0.833097610786336	0.0671752353763413	0.000122644639071137	0.00187751961812318
"pin"	0.0561711123863168	0.0331793926209856	6.05770059427808e-05	0.00101635113265666
"s1out"	0.017029059343222	0.00574228900860875	1.04839374057633e-05	1.35225685724324e-05
"sigma_b"	0.928643645018689	0.302278505039113	0.000551882519529538	0.00153938529351046
"sigma_z1"	1.73337816010117	0.492963214596782	0.000900023575516391	0.00378520322156244
"sigma_z2"	2.00567233652557	0.536801675935405	0.000980061289387998	0.0032199121328355
"u1out"	0.0932834542614085	0.0100884678332723	1.84189380098283e-05	2.57110083933516e-05
"v1out"	0.072982439164987	0.00828739429745845	1.51306426655256e-05	1.99380398016203e-05
