"Mean"	"SD"	"Naive SE"	"Time-series SE"
"CACE"	0.0179153306533433	0.0130443801745731	2.38156709009563e-05	3.23469891370676e-05
"b1out"	0.113325852142153	0.0168941403278795	3.08443391574577e-05	4.25015246323272e-05
"pia"	0.109298970580581	0.0643420548893859	0.000117471982863841	0.00186436615863383
"pic"	0.836413506918177	0.0663282960741372	0.000121098346535621	0.00191568537184751
"pin"	0.0542875225012418	0.0325354022802685	5.94012458213603e-05	0.000995139213899443
"s1out"	0.0170077127283332	0.00573712524299871	1.04745097027423e-05	1.36413844987055e-05
"sigma_z1"	1.73388098961004	0.488676497742355	0.000892197137120367	0.00351291289229358
"sigma_z2"	2.00969959583571	0.539545541259688	0.000985070879164218	0.00329592615472001
"u1out"	0.0909154196257095	0.0100912360994216	1.84239921492123e-05	2.54678199937756e-05
"v1out"	0.0730000889723662	0.00826857264968441	1.50962791953414e-05	1.98783598276908e-05
