"Mean"	"SD"	"Naive SE"	"Time-series SE"
"CACE"	0.017968375958261	0.013052366291982	2.38302514897954e-05	3.24449162807839e-05
"Sigma_z[1,1]"	4.51802885159106	3.67809206384615	0.0067152466398309	0.0335748558196952
"Sigma_z[2,1]"	1.57511968377871	2.756554851677	0.005032757577546	0.0271357827875915
"Sigma_z[1,2]"	1.57511968377871	2.756554851677	0.005032757577546	0.0271357827875915
"Sigma_z[2,2]"	6.63652456653589	5.40212989501624	0.00986289467357803	0.0567285635655567
"b1out"	0.113140145622415	0.0167957734656933	3.06647466596899e-05	4.27550924937162e-05
"pia"	0.122622731626862	0.0872696333183991	0.000159331822512305	0.00535256513412915
"pic"	0.81789301976817	0.0956260013634613	0.000174588393435958	0.00580118315035879
"pin"	0.0594842486049674	0.0377350722341633	6.88945009057936e-05	0.00208849873235963
"s1out"	0.0170105056962011	0.00575043435307316	1.04988087021027e-05	1.36043919889854e-05
"u1out"	0.0910094855569297	0.0100741262125171	1.83927539124991e-05	2.5175111187532e-05
"v1out"	0.0730411095986687	0.00831889220003795	1.51881497047152e-05	2.01042255018187e-05
