"Mean"	"SD"	"Naive SE"	"Time-series SE"
"CACE"	0.022312474125854	0.0131869034682081	2.40758816439357e-05	3.36586884693526e-05
"alpha_z1"	-2.85924802494246	0.643852954593788	0.00117550928982456	0.0231517990533004
"alpha_z2"	-2.21626171726761	0.768236810109569	0.00140260210134275	0.0273353317504828
"b1out"	0.113251507753992	0.0168731753065469	3.08060624404496e-05	4.21592647035725e-05
"pia"	0.111847616727823	0.0783661439236798	0.000143076349238986	0.00275677183147578
"pic"	0.831659166877757	0.0794482209360163	0.000145051942534368	0.00274989141713692
"pin"	0.0564932163944197	0.0338559052610853	6.18121433875141e-05	0.00107884725262841
"s1out"	0.137021020992154	0.140528242883844	0.000256568295313487	0.00146596610293098
"sigma_s"	2.86538221641947	1.50969557736542	0.00275631440896276	0.0128662681650024
"sigma_z2"	2.26439915276347	0.697828261832604	0.0012740542675678	0.00610640457800305
"u1out"	0.0909451507755034	0.0100625673509065	1.83716504150216e-05	2.5152913169021e-05
"v1out"	0.0686326766496494	0.00849750945218169	1.55142586985776e-05	2.19812891095162e-05
