"Mean"	"SD"	"Naive SE"	"Time-series SE"
"CACE"	-0.0348352875444631	0.0462767459033684	8.44893920640321e-05	0.000513802521648778
"b1out"	0.112529814453042	0.0162398885227947	2.9649844251013e-05	4.0589319465625e-05
"pia"	0.1174831715733	0.0661486113421457	0.000120770288599118	0.00183942791808314
"pic"	0.654175758307075	0.0504038264182087	9.2024375712759e-05	0.00135302574946615
"pin"	0.228341070119625	0.0199989306617694	3.65128848314428e-05	0.00046265486318346
"s1out"	0.0236151461759075	0.0081606670321199	1.48992713926027e-05	2.25523653503281e-05
"sigma_v"	0.700651487305513	0.164214877596045	0.000299813975791012	0.000674320794091374
"sigma_z2"	2.01666646407551	0.535871971969795	0.000978363889942109	0.00318181314308431
"u1out"	0.0911592171168437	0.00998652627245633	1.8232819035141e-05	2.4734031751377e-05
"v1out"	0.0826153223349452	0.0382235064325439	6.97862556668271e-05	0.00047065454469141
