"Mean"	"SD"	"Naive SE"	"Time-series SE"
"CACE"	0.020586020665972	0.0620432725037166	0.000113274999639085	0.000697358414947821
"b1out"	0.119330058927502	0.0505112988269514	9.22205925880185e-05	0.000479061580580571
"pia"	0.188023625208921	0.0126755581387632	2.31422970718959e-05	0.000194953357754912
"pic"	0.759211776121827	0.0296560828357369	5.41443517879163e-05	0.000923878455990346
"pin"	0.0527645986692522	0.0342159903594515	6.24695658241696e-05	0.00116351402859926
"s1out"	0.111165286805822	0.100179979701762	0.000182902782310216	0.000869498456790312
"sigma_b"	0.938106671251449	0.294546657771536	0.000537766162330749	0.00145569706742805
"sigma_s"	1.99110809294399	0.817571055331815	0.00149267369789513	0.00541397404309505
"sigma_u"	0.732039337238773	0.185166819283438	0.000338066812743406	0.0009761170239522
"sigma_v"	0.682928136454244	0.162620054320036	0.000296902240179331	0.000671648141335204
"sigma_z1"	1.7646174755271	0.505666103979548	0.000923215772384504	0.00398813392731923
"u1out"	0.125983915158214	0.0469252961296256	8.56734773593527e-05	0.000543191744512299
"v1out"	0.105397894492242	0.0404765049999273	7.38996494581028e-05	0.000447096093457018
