"Mean"	"SD"	"Naive SE"	"Time-series SE"
"CACE"	0.0159191153024866	0.0148348230693724	2.70845574389776e-05	5.18552954907698e-05
"b1out"	0.1236183034128	0.0498275909310546	9.09723184635949e-05	0.000420953703316493
"pia"	0.153119041089368	0.00863015799971337	1.57564407042556e-05	2.24144926574556e-05
"pic"	0.630379445376052	0.0132203670194273	2.41369774501257e-05	4.07281951295907e-05
"pin"	0.216501513534579	0.009996635472237	1.8251275824335e-05	2.56134546708754e-05
"s1out"	0.0220183707998549	0.00760646340684662	1.38874386358916e-05	1.95503248907749e-05
"sigma_b"	0.998619906362607	0.314729207435061	0.000574614288059686	0.00139134599745496
"u1out"	0.0854677659842536	0.0120460306370091	2.19929423609607e-05	4.6328307684737e-05
"v1out"	0.069548650681767	0.00861875382686224	1.57356196285214e-05	2.21421096426866e-05
