"Mean"	"SD"	"Naive SE"	"Time-series SE"
"CACE"	0.0213903138425373	0.0131940050408421	2.40888472823537e-05	3.27766459300369e-05
"b1out"	0.112545781397802	0.0162062406551578	2.95884119306241e-05	3.96394463767504e-05
"pia"	0.119490133539271	0.0690819477806123	0.000126125803719451	0.00194965554300967
"pic"	0.65326368944175	0.0525391796855522	9.59229795553138e-05	0.00144445600895739
"pin"	0.227246177018979	0.0205971871593244	3.76051467610592e-05	0.000485460331649504
"s1out"	0.0220746889616213	0.00761226518075882	1.38980311773758e-05	1.95235471005708e-05
"sigma_z2"	2.01735754866867	0.534839581071737	0.000976479010665345	0.00316896831641327
"u1out"	0.0911380883491268	0.00997491686365202	1.82116232515363e-05	2.43695530467609e-05
"v1out"	0.0697477745065894	0.00864936600260202	1.57915095591447e-05	2.21806505929435e-05
