"Mean"	"SD"	"Naive SE"	"Time-series SE"
"CACE"	0.0375940270793491	0.014321708342021	2.6147742403116e-05	4.31618889826874e-05
"b1out"	0.123729997483029	0.0201872474322073	3.68567026418605e-05	5.74745203174958e-05
"pia"	0.152735062290363	0.00860959253899989	1.57188934817947e-05	2.20475266497998e-05
"pic"	0.631152319246325	0.0132134450518384	2.41243397241564e-05	4.09242901675007e-05
"pin"	0.216112618463312	0.0100258422025462	1.8304599774406e-05	2.61856195734714e-05
"s1out"	0.0972667639557796	0.0559857555179406	0.000102215537320485	0.000423052471569291
"sigma_s"	1.52026304894987	0.437549981157491	0.000798853315719727	0.00176776231157998
"u1out"	0.0858585948847676	0.0111103934533503	2.02847103905256e-05	3.17729153153427e-05
"v1out"	0.0482645678054184	0.00906064864974692	1.65424055036504e-05	2.96779260125244e-05
