"Mean"	"SD"	"Naive SE"	"Time-series SE"
"CACE"	0.0170149514489957	0.0141437657893373	2.58228652362996e-05	3.89318857856733e-05
"b1out"	0.12379227355904	0.0202466128050319	3.6965088487963e-05	5.68571529563544e-05
"pia"	0.186844571832494	0.0125052921460204	2.28314353218918e-05	0.000174833349482729
"pic"	0.758750254305733	0.0289159903647756	5.27931339846321e-05	0.000838965055374907
"pin"	0.0544051738617733	0.0331832555405822	6.05840586367838e-05	0.00102016243361617
"s1out"	0.111313701703656	0.100905596515499	0.000184227571300179	0.000852223342762507
"sigma_s"	2.11385575561326	0.826684720055228	0.00150931289706364	0.00512313872655784
"sigma_z1"	1.75281046544723	0.501560061959473	0.000915719199596308	0.00363257757249564
"u1out"	0.0857541452201728	0.0112040856057875	2.04557680750292e-05	3.1535741653359e-05
"v1out"	0.0687391937711771	0.00864664688937739	1.57865451603129e-05	2.30658481855095e-05
