"Mean"	"SD"	"Naive SE"	"Time-series SE"
"CACE"	0.0427911758665507	0.0135246597192971	2.46925373694683e-05	3.90376242948877e-05
"b1out"	0.112509228852814	0.0161713463216179	2.9524703885261e-05	4.01760594834092e-05
"pia"	0.118130126652463	0.0671724319208005	0.000122639520685008	0.00183330317477917
"pic"	0.654650922389566	0.0511952579253339	9.3469325343335e-05	0.00136681929691267
"pin"	0.227218950957971	0.0201428571202381	3.67756573911932e-05	0.000457681122770624
"s1out"	0.0952904039185138	0.054405521208143	9.93304373950854e-05	0.000411736199499691
"sigma_s"	1.51458586286031	0.438780217242086	0.000801099409235026	0.00177329085077743
"sigma_z2"	2.01456440612185	0.535466585954187	0.000977623759724624	0.00333034995363658
"u1out"	0.0911819653595922	0.00998883225283964	1.82370291600514e-05	2.46359655932233e-05
"v1out"	0.0483907894930416	0.0091237397619865	1.66575935881561e-05	3.08270684174806e-05
