"Mean"	"SD"	"Naive SE"	"Time-series SE"
"CACE"	0.0232842408132384	0.0131893449836763	2.40803392209236e-05	3.33978964375963e-05
"b1out"	0.0936196687506603	0.0398672247711666	7.27872610409889e-05	0.000374075264297519
"pia"	0.115069712011756	0.064719267874816	0.000118160676400854	0.00175231861088901
"pic"	0.65666888031392	0.0494117064395107	9.02130207391444e-05	0.00130631012904273
"pin"	0.228261407674323	0.0196515163970665	3.58785960661866e-05	0.000442143369654715
"s1out"	0.0220410625517225	0.00757159207594219	1.3823772587403e-05	1.93748174126945e-05
"sigma_b"	0.926873884874689	0.303769598275779	0.000554604870866422	0.00155126220664768
"sigma_z2"	2.01686116976875	0.534345591935766	0.000975577114022233	0.00349691675120016
"u1out"	0.0930184464496136	0.00999572359767828	1.82496109767836e-05	2.55938541068267e-05
"v1out"	0.0697342056363752	0.00862365468168214	1.57445673243078e-05	2.20015341554437e-05
