"Mean"	"SD"	"Naive SE"	"Time-series SE"
"CACE"	0.0162890922332812	0.0140589308641429	2.56679785623223e-05	3.82940765013671e-05
"alpha_z1"	-1.07036101555696	0.0638518434748499	0.000116576983364881	0.000178025927901582
"alpha_z2"	-1.4192704275176	0.072367995850105	0.000132125279228476	0.000203145873249234
"b1out"	0.123791013356419	0.0202254427204992	3.6926437378487e-05	5.75152547200486e-05
"pia"	0.152785634829098	0.00867085038351277	1.58307344926742e-05	2.23849785099506e-05
"pic"	0.630753656061871	0.0132689073707556	2.42255996013648e-05	4.06510345453011e-05
"pin"	0.216460709109031	0.0100371844285471	1.83253077511828e-05	2.58147917484872e-05
"s1out"	0.0220229764609702	0.00757713053301641	1.38338843803141e-05	1.93959626240608e-05
"u1out"	0.0858663213500017	0.0111392564612258	2.03374067921618e-05	3.18484162647058e-05
"v1out"	0.0695772291167205	0.00859910946044914	1.56997540864802e-05	2.19360507884804e-05
