"Mean"	"SD"	"Naive SE"	"Time-series SE"
"CACE"	0.020731313328793	0.0619371232809248	0.000113081198559803	0.000735303660580091
"b1out"	0.126075727560577	0.019307839669764	3.52511310794095e-05	6.90173737643529e-05
"pia"	0.112236760152657	0.0697062082654714	0.000127265542217172	0.00220709941313594
"pic"	0.831627765440534	0.0708717161901573	0.000129393458821511	0.00217676666924588
"pin"	0.056135474406809	0.031873862709921	5.81934453368215e-05	0.000952440780001535
"s1out"	0.108830154726671	0.0976624019353416	0.000178306335200409	0.000864297161988192
"sigma_s"	1.97754479422887	0.803466363969337	0.00146692217247554	0.00507596342124111
"sigma_u"	0.738515642815815	0.189352568211619	0.000345708909770131	0.000967779130856037
"sigma_v"	0.683336749283542	0.162310945819265	0.000296337887850701	0.000645299390983761
"sigma_z1"	1.70608986733432	0.481256471575198	0.000878650084756932	0.00333555320221628
"sigma_z2"	2.02137881008874	0.550685133566975	0.00100540889912459	0.00422004080187828
"u1out"	0.0804121033822287	0.0400790397241743	7.31739804669196e-05	0.000543618828717303
"v1out"	0.0668949739496536	0.0324621591390882	5.92675227526703e-05	0.00040227650078229
