"Mean"	"SD"	"Naive SE"	"Time-series SE"
"CACE"	0.0503830614213213	0.0247926627780834	4.52650022139166e-05	7.36520630784865e-05
"alpha_b1"	-2.42672757906823	0.360630866252881	0.000658418867931104	0.00106648563537646
"alpha_s1"	-4.39397017794623	0.592387308473802	0.00108154630543624	0.00186485296302784
"alpha_u"	-1.33690993709243	0.128008835950537	0.000233711090033624	0.000383836105570044
"alpha_v"	-1.75609044808677	0.205225646318878	0.000374689052891421	0.00132700821312606
"alpha_z1"	-0.343840100308201	0.0953281075775554	0.000174044516281687	0.000315389983032009
"alpha_z2"	-1.15815357823769	0.124918234045058	0.000228068448767293	0.000418104015409155
"pi_a"	0.155611498195801	0.0140281174306587	2.56117211870106e-05	4.07492802178685e-05
"pi_c"	0.494012040084653	0.0233282570891028	4.2591375449938e-05	8.37105334237618e-05
"pi_n"	0.350376461719546	0.018576949054364	3.39167134889982e-05	5.30795485599557e-05
