"Mean"	"SD"	"Naive SE"	"Time-series SE"
"CACE"	0.00162773073521549	0.0652438216487603	0.0001191183761829	0.000155614083503783
"alpha_b1"	-2.00749990980286	1.24107916915196	0.00226589018864765	0.00332445017222175
"alpha_s1"	-1.14129367625148	1.51750223249762	0.00277056734601132	0.00400123429541766
"alpha_u"	-2.24911427191566	0.968887834750811	0.00176893907595119	0.00305134774228463
"alpha_v"	-2.24829375446511	0.95207616274499	0.0017382453026613	0.00318509937951616
"alpha_z1"	-2.86962536626494	0.857662721399539	0.00156587073080599	0.00237068556301781
"alpha_z2"	-1.97871975200682	0.597636255504467	0.00109112952774239	0.00153903497346842
"pi_a"	0.126679070054596	0.06069715622835	0.000110817338808942	0.000147551038106402
"pi_c"	0.813014857625836	0.0733105861965562	0.000133846205879269	0.000193436867537637
"pi_n"	0.0603060723195682	0.0424743062790424	7.75471188780494e-05	0.000104645225639999
