"Mean"	"SD"	"Naive SE"	"Time-series SE"
"CACE"	0.0145689203902166	0.156869899905869	0.000286403942573407	0.000405495392946331
"alpha_b1"	-2.80686869221894	1.18877404979494	0.00217039454283153	0.00299336001610385
"alpha_s1"	-0.305193155334297	2.0024755239189	0.00365600338434118	0.00494263464073891
"alpha_u"	-2.20971366597293	1.22350768795742	0.00223380919991757	0.00333660124851871
"alpha_v"	-2.2836404102342	1.14719030201234	0.00209447335387774	0.00308411347500824
"alpha_z1"	-3.21903143837078	1.52352773882322	0.00278156836512773	0.00472769696242813
"alpha_z2"	-0.261777942942038	0.735499588661493	0.0013428323858189	0.00251491119147144
"pi_a"	0.420643828325537	0.150713451691903	0.000275163857370401	0.000418428114650351
"pi_c"	0.536675332696395	0.15777397492627	0.000288054550181242	0.000503775906070283
"pi_n"	0.0426808389780678	0.052176158408587	9.52601964144865e-05	0.000165450981399179
