"Mean"	"SD"	"Naive SE"	"Time-series SE"
"CACE"	-0.0220399656757581	0.0606464706416437	0.000110724800011677	0.000192661977679386
"alpha_b1"	-1.74919117881424	0.359789887933739	0.000656883458611882	0.00117032384066369
"alpha_s1"	0.0985731901772423	1.99979407858989	0.00365110775736315	0.00506324264904956
"alpha_u"	-2.0852859988167	0.958270408716711	0.00174955439681279	0.00367713503408103
"alpha_v"	-1.53774320153148	0.383326735073642	0.000699855665648801	0.00206956395230195
"alpha_z1"	-4.87950924423261	1.20450025506211	0.00219910653406081	0.00358093115732731
"alpha_z2"	-0.231251285526879	0.186278283056627	0.000340096058678156	0.000458217059695245
"pi_a"	0.439688416748187	0.0451270328918253	8.23903128937676e-05	0.000109418575064414
"pi_c"	0.553047299786044	0.0457075940150656	8.34502676377986e-05	0.000114610011857139
"pi_n"	0.00726428346576898	0.00741390187635053	1.35358709893569e-05	2.32928851470707e-05
