"Mean"	"SD"	"Naive SE"	"Time-series SE"
"CACE"	0.0826767853811413	0.0769256762294264	0.000140446427073986	0.000264356117288279
"alpha_b1"	0.0357786640668391	1.99729086203916	0.00364653753012596	0.00468754886047872
"alpha_s1"	1.87260986733866	1.39767537920464	0.00255179444419989	0.00389236368340197
"alpha_u"	-1.00551541795723	0.244967337211674	0.000447247121476028	0.000656049371605013
"alpha_v"	-1.6048521280343	0.720310285767025	0.00131510063972531	0.00432716608169103
"alpha_z1"	-2.82397239565159	0.680370976315993	0.00124218177066694	0.002754548782452
"alpha_z2"	-5.0408608474205	1.18370566246461	0.00216114097592821	0.00311544408248946
"pi_a"	0.0102284528692386	0.0103911654040393	1.89715856351987e-05	2.44881455445936e-05
"pi_c"	0.92429442084642	0.0376560300771528	6.87501903311652e-05	0.000154751497023213
"pi_n"	0.0654771262843413	0.0362179344502813	6.61245989488751e-05	0.000151805617806732
