"Mean"	"SD"	"Naive SE"	"Time-series SE"
"CACE"	-0.0108683547666385	0.023375317241834	4.26772951406398e-05	6.36313271263824e-05
"alpha_b1"	-2.40146974143261	1.25565078622907	0.0022924941998892	0.00326500216018258
"alpha_s1"	-4.18013434928937	0.725815936142357	0.00132515253607299	0.00208572162783935
"alpha_u"	-1.67829752977854	0.159021660655959	0.000290332502244003	0.000522615086373588
"alpha_v"	-1.58057680286153	0.175407792124942	0.000320249348363359	0.000736841043750983
"alpha_z1"	-0.719450707515102	0.114377390669691	0.000208823589794569	0.00027562871355747
"alpha_z2"	-3.81147102883038	0.442019065896064	0.000807012710795456	0.00111379826382119
"pi_a"	0.0159529171728858	0.00659132651551454	1.20340607214308e-05	1.58753507603162e-05
"pi_c"	0.661285362822364	0.0254978248550623	4.65524461347785e-05	6.31657020829027e-05
"pi_n"	0.32276172000475	0.0246337361779403	4.49748432676299e-05	5.83720205095089e-05
