"Mean"	"SD"	"Naive SE"	"Time-series SE"
"CACE"	0.0259877641919002	0.0317883143183319	5.80372560573828e-05	7.51328784050904e-05
"alpha_b1"	0.012175474932447	1.9952886940938	0.00364288208830067	0.0046351687144902
"alpha_s1"	0.0229104900428234	2.00453365118497	0.00365976099344067	0.00473014883085044
"alpha_u"	-1.17624696511274	0.118156624800521	0.000215723495739732	0.000279920340982993
"alpha_v"	-1.31877818037659	0.127164585212702	0.000232169706122616	0.000305575860243877
"alpha_z1"	-5.80609942209976	1.10409649394866	0.00201579518466015	0.00290413196394897
"alpha_z2"	-5.8064813991537	1.09371897533193	0.00199684851453578	0.00286117573355997
"pi_a"	0.00478318716275272	0.00455763995967361	8.32107404966725e-06	1.04601602514838e-05
"pi_c"	0.99039883418563	0.00648823190010147	1.18458365667006e-05	1.49812122388763e-05
"pi_n"	0.00481797865161734	0.00462554156735831	8.44504485706649e-06	1.07521841936111e-05
